15.75 1.8310575986e-42
16 1.8310575986e-42
16.25 1.62450700648e-42
16.5 1.44130984882e-42
16.75 1.27886730625e-42
17 1.13485967199e-42
17.25 1.00721821712e-42
17.5 8.94099585835e-43
17.75 7.93862542684e-43
18 7.05046897808e-43
18.25 6.26354442277e-43
18.5 5.56631732516e-43
18.75 4.94854570664e-43
19 4.40114036064e-43
19.25 3.91603931784e-43
19.5 3.48609518853e-43
19.75 3.10497419708e-43
20 2.76706580991e-43
20.25 2.46740194237e-43
20.5 2.20158481063e-43
20.75 1.96572257233e-43
21 1.75637197248e-43
21.25 1.57048728034e-43
21.5 1.40537486735e-43
21.75 1.25865283643e-43
22 1.12821516855e-43
22.25 1.01219990434e-43
22.5 9.08960925232e-44
22.75 8.1704294295e-44
23 7.35159344972e-44
23.25 6.62172580503e-44
23.5 5.97076803962e-44
23.75 5.38982522998e-44
24 4.87102967172e-44
24.25 4.40735962325e-44
24.5 3.99251005871e-44
24.75 3.6209306925e-44
25 3.2877433987e-44
25.25 2.98865629073e-44
25.5 2.71988931654e-44
25.75 2.47810975927e-44
26 2.26037626755e-44
26.25 2.06409023772e-44
26.5 1.88695353972e-44
26.75 1.72693172185e-44
27 1.58222195246e-44
27.25 1.45122506098e-44
27.5 1.33252113018e-44
27.75 1.22484816774e-44
28 1.1270834505e-44
28.25 1.03822719088e-44
28.5 9.57388222608e-45
28.75 8.8377144427e-45
29 8.16666794371e-45
29.25 7.55439562111e-45
29.5 6.99521864067e-45
29.75 6.48405139609e-45
30 6.01633537202e-45
30.25 5.5879808056e-45
30.5 5.19531518023e-45
30.75 4.83503771082e-45
31 4.50417908772e-45
31.25 4.20006584024e-45
31.5 3.92028876203e-45
31.75 3.66267491106e-45
32 3.42526275785e-45
32.25 3.20628010934e-45
32.5 3.00412448143e-45
32.75 9.39448157172e-45
33 1.30937410312e-44
33.25 1.93018260697e-44
33.5 2.98194428906e-44
33.75 4.79426181832e-44
34 7.99305093422e-44
34.25 1.38228632638e-43
34.5 2.49081614715e-43
34.75 4.72286276356e-43
35 9.59318290601e-43
35.25 2.15753582348e-42
35.5 4.86530958491e-42
35.75 1.31500646739e-41
36 1.12413505117e-40
36.25 1.20822911373e-40
36.5 1.27444106679e-41
36.75 4.46758008547e-42
37 1.90491041552e-42
37.25 8.09896993616e-43
37.5 3.81520750496e-43
37.75 1.92492670899e-43
38 1.02081155961e-43
38.25 5.62703502667e-44
38.5 3.20303195614e-44
38.75 1.87626122664e-44
39 1.12994511881e-44
39.25 7.21194705336e-46
39.5 6.92102078506e-46
39.75 6.64760577798e-46
40 6.3907431697e-46
40.25 6.1496029111e-46
40.5 5.92349140015e-46
40.75 5.71186516752e-46
41 5.51435292513e-46
41.25 5.33078949259e-46
41.5 5.16126701863e-46
41.75 5.00621199019e-46
42 4.86650160925e-46
42.25 4.74364175378e-46
42.5 4.64004382286e-46
42.75 4.55946496149e-46
43 4.50772698546e-46
43.25 4.4939282698e-46
43.5 4.53256474026e-46
43.75 4.64741110646e-46
44 4.87901311831e-46
44.25 5.11550030202e-46
44.5 5.51119589838e-46
44.75 6.21022924577e-46
45 7.51530170924e-46
45.25 1.02434572875e-45
45.5 1.72922945807e-45
45.75 4.59443379959e-45
46 6.98676825903e-44
46.25 1.64291447133e-44
46.5 2.85189157192e-45
46.75 1.26571068611e-45
47 7.84999512143e-46
47.25 5.76593684947e-46
47.5 4.66586320736e-46
47.75 4.01368403447e-46
48 3.581288054e-46
48.25 3.23502402865e-46
48.5 2.9453515892e-46
48.75 2.73920971138e-46
49 2.58624946552e-46
49.25 2.46851034162e-46
49.5 2.37492418437e-46
49.75 2.29843736123e-46
50 2.23442676411e-46
50.25 2.17979070743e-46
50.5 2.13240837486e-46
50.75 2.09080862163e-46
51 2.05396188391e-46
51.25 2.0211467562e-46
51.5 1.99186317763e-46
51.75 1.96577554412e-46
52 1.94267562149e-46
52.25 1.92245903361e-46
52.5 1.90511149758e-46
52.75 1.89070251179e-46
53 1.87938524204e-46
53.25 1.87140211706e-46
53.5 1.86709628303e-46
53.75 1.86692968525e-46
54 1.87150924146e-46
54.25 1.88162345322e-46
54.5 1.89649437814e-46
54.75 1.92135898734e-46
55 1.95576584556e-46
55.25 2.00198360888e-46
55.5 2.06300814587e-46
55.75 2.14284283429e-46
56 2.24691016533e-46
56.25 2.3826686859e-46
56.5 2.56055924427e-46
56.75 2.79549455899e-46
57 3.10927461425e-46
57.25 3.39557283911e-46
57.5 3.74625930328e-46
57.75 4.21953339119e-46
58 4.87809527729e-46
58.25 5.83102088724e-46
58.5 7.282107796e-46
58.75 9.64930860303e-46
59 1.39059428809e-45
59.25 2.27795822152e-45
59.5 4.6584871207e-45
59.75 1.56359878883e-44
60 8.24449176636e-43
60.25 2.86945796595e-44
60.5 6.03277248247e-45
60.75 2.58310920428e-45
61 1.45836512159e-45
61.25 9.57778217816e-46
61.5 6.92799770784e-46
61.75 5.35996005957e-46
62 4.35672566756e-46
62.25 3.67659394928e-46
62.5 3.19438688961e-46
62.75 2.8400540481e-46
63 2.57193711607e-46
63.25 2.29279825028e-46
63.5 2.07153132166e-46
63.75 1.90353355427e-46
64 1.77393966716e-46
64.25 1.67252731543e-46
64.5 1.59211624541e-46
64.75 1.52756966621e-46
65 1.47515285752e-46
65.25 1.43211126442e-46
65.5 1.39638706635e-46
65.75 1.36642515592e-46
66 1.34103805793e-46
66.25 1.3193104365e-46
66.5 1.30053064617e-46
66.75 1.28414104474e-46
67 1.26970150634e-46
67.25 1.25686234265e-46
67.5 1.24534400938e-46
67.75 1.23492176036e-46
68 1.22541394588e-46
68.25 1.21667302076e-46
68.5 1.20857858469e-46
68.75 1.20103195947e-46
69 1.19395193719e-46
69.25 1.18727142699e-46
69.5 1.1809347959e-46
69.75 1.17489574937e-46
70 1.16911563358e-46
70.25 1.16356206949e-46
70.5 1.15820784916e-46
70.75 1.15303004016e-46
71 1.14800925621e-46
71.25 1.14312906102e-46
71.5 1.13837547926e-46
71.75 1.13373659411e-46
72 1.12920221515e-46
72.25 1.12249147894e-46
72.5 1.11842705387e-46
72.75 1.11440696087e-46
73 1.11043071279e-46
73.25 1.1064978289e-46
73.5 1.10260783486e-46
73.75 1.09876026254e-46
74 1.09495465001e-46
74.25 1.09119054138e-46
74.5 1.08746748674e-46
74.75 1.08378504205e-46
75 1.08014276905e-46
75.25 1.07654023519e-46
75.5 1.07297701351e-46
75.75 1.06945268259e-46
76 1.06596682643e-46
76.25 1.06251903439e-46
76.5 1.0591089011e-46
76.75 1.05573602637e-46
77 1.05240001512e-46
77.25 1.04910047732e-46
77.5 1.04583702787e-46
77.75 1.04260928655e-46
78 1.03941687796e-46
78.25 1.03625943142e-46
78.5 1.03313658089e-46
78.75 1.03004796493e-46
79 1.02699322663e-46
79.25 1.02397201351e-46
79.5 1.02098397747e-46
79.75 1.01802877473e-46
80 1.01510606575e-46
80.25 1.01221551517e-46
80.5 1.00935679176e-46
80.75 1.00652956835e-46
81 1.00373352174e-46
81.25 1.0009683327e-46
81.5 9.9823368584e-47
81.75 9.9552926961e-47
82 9.9285477621e-47
82.25 9.90209901543e-47
82.5 9.87594345158e-47
82.75 9.85007810195e-47
83 9.82450003331e-47
83.25 9.79920634724e-47
83.5 9.77419417966e-47
83.75 9.74946070026e-47
84 9.72500311201e-47
84.25 9.70081865068e-47
84.5 9.6769045843e-47
84.75 9.65325821272e-47
85 9.6298768671e-47
85.25 9.60675790947e-47
85.5 9.58389873221e-47
85.75 9.56129675767e-47
86 9.53894943766e-47
86.25 9.51685425302e-47
86.5 9.49500871321e-47
86.75 9.47341035584e-47
87 9.45205674628e-47
87.25 9.43094547723e-47
87.5 9.4100741683e-47
87.75 9.38944046562e-47
88 9.36904204145e-47
88.25 9.34887659374e-47
88.5 9.32894184581e-47
88.75 9.30923554592e-47
89 9.28975546691e-47
89.25 9.27049940584e-47
89.5 9.2514651836e-47
89.75 9.23265064459e-47
90 9.21405365633e-47
90.25 9.19567210913e-47
90.5 9.17750391573e-47
90.75 9.15954701099e-47
91 9.14179935153e-47
91.25 9.12425891542e-47
91.5 9.10692370184e-47
91.75 9.08979173078e-47
92 9.0728610427e-47
92.25 9.05612969824e-47
92.5 9.03959577791e-47
92.75 9.0232573818e-47
93 9.00711262925e-47
93.25 8.9911596586e-47
93.5 8.97539662686e-47
93.75 8.95982170946e-47
94 8.94443309994e-47
94.25 8.92922900973e-47
94.5 8.91420766779e-47
94.75 8.89936732041e-47
95 8.88470623094e-47
95.25 8.87022267948e-47
95.5 8.85591496269e-47
95.75 8.84178139348e-47
96 8.8278203008e-47
96.25 8.81403002937e-47
96.5 8.80040893943e-47
96.75 8.78695540654e-47
97 8.7736678213e-47
97.25 8.76054458913e-47
97.5 8.74758413007e-47
97.75 8.73478487851e-47
98 8.72214528297e-47
98.25 8.70966380592e-47
98.5 8.69733892353e-47
98.75 8.68516912546e-47
99 8.67315291465e-47
99.25 8.66128880711e-47
99.5 8.64957533171e-47
99.75 8.63801103001e-47
100 8.62659445601e-47
100.25 8.61532417598e-47
100.5 8.60419876827e-47
100.75 8.59321682309e-47
101 8.58237694237e-47
101.25 8.57167773952e-47
101.5 8.56111783927e-47
101.75 8.55069587751e-47
102 8.54041050104e-47
102.25 8.5302603675e-47
102.5 8.52024414508e-47
102.75 8.51036051245e-47
103 8.50060815851e-47
103.25 8.49098578227e-47
103.5 8.48149209268e-47
103.75 8.47212580843e-47
104 8.46288565785e-47
104.25 8.45377037869e-47
104.5 8.444778718e-47
104.75 8.43590943197e-47
105 8.42716128578e-47
105.25 8.41853305342e-47
105.5 8.41002351759e-47
105.75 8.40163146951e-47
106 8.3933557088e-47
106.25 8.38519504334e-47
106.5 8.3771482891e-47
106.75 8.36921427004e-47
107 8.36139181794e-47
107.25 8.3536797723e-47
107.5 8.34607698016e-47
107.75 8.33858229602e-47
108 8.33119458165e-47
108.25 8.32391270603e-47
108.5 8.31673554518e-47
108.75 8.30966198204e-47
109 8.30269090635e-47
109.25 8.29582121454e-47
109.5 8.28905180959e-47
109.75 8.28238160095e-47
110 8.27580950435e-47
110.25 8.26933444178e-47
110.5 8.26295534131e-47
110.75 8.25667113697e-47
111 8.25048076872e-47
111.25 8.24438318223e-47
111.5 8.23837732887e-47
111.75 8.23246216556e-47
112 8.22663665465e-47
112.25 8.22089976386e-47
112.5 8.21525046613e-47
112.75 8.20968773956e-47
113 8.20421056731e-47
113.25 8.19881793746e-47
113.5 8.19350884296e-47
113.75 8.18828228152e-47
114 8.1831372555e-47
114.25 8.17807277185e-47
114.5 8.173087842e-47
114.75 8.16818148176e-47
115 8.16335271125e-47
115.25 8.1586005548e-47
115.5 8.15392404091e-47
115.75 8.14932220206e-47
116 8.14479407476e-47
116.25 8.14033869937e-47
116.5 8.13595512004e-47
116.75 8.13164238467e-47
117 8.12739954478e-47
117.25 8.12322565548e-47
117.5 8.11911977535e-47
117.75 8.11508096639e-47
118 8.11110829394e-47
118.25 8.10720082662e-47
118.5 8.10335763624e-47
118.75 8.09957779773e-47
119 8.09586038908e-47
119.25 8.09220449128e-47
119.5 8.08860918824e-47
119.75 8.08507356672e-47
120 8.08159671627e-47
120.25 8.07817772918e-47
120.5 8.07481570038e-47
120.75 8.07150972744e-47
121 8.06825891044e-47
121.25 8.06506235196e-47
121.5 8.061919157e-47
121.75 8.05882843293e-47
122 8.05578928942e-47
122.25 8.0528008384e-47
122.5 8.04986219401e-47
122.75 8.04697247253e-47
123 8.04413079233e-47
123.25 8.04133627382e-47
123.5 8.03858803941e-47
123.75 8.03588521345e-47
124 8.03322692219e-47
124.25 8.03061229371e-47
124.5 8.02804045791e-47
124.75 8.02551054643e-47
125 8.02302169261e-47
125.25 8.02057303149e-47
125.5 8.01816369969e-47
125.75 8.01579283544e-47
126 8.01345957851e-47
126.25 8.01116307015e-47
126.5 8.00890245308e-47
126.75 8.00667687145e-47
127 8.00448547079e-47
127.25 8.00232739797e-47
127.5 8.00020180118e-47
127.75 7.99810782991e-47
128 7.99604463485e-47
128.25 7.99401136795e-47
128.5 7.99200718231e-47
128.75 7.99003123219e-47
129 7.98808267298e-47
129.25 7.98616066114e-47
129.5 7.98426435421e-47
129.75 7.98239291076e-47
130 7.98054549037e-47
130.25 7.97872125361e-47
130.5 7.976919362e-47
130.75 7.97513897801e-47
131 7.97337926499e-47
131.25 7.97163938723e-47
131.5 7.96991850984e-47
131.75 7.96821579883e-47
132 7.96653042099e-47
132.25 7.96486154396e-47
132.5 7.96320833616e-47
132.75 7.96156996679e-47
133 7.95994560581e-47
133.25 7.95833442392e-47
133.5 7.95673559258e-47
133.75 7.95514828393e-47
134 7.95357167084e-47
134.25 7.95200492689e-47
134.5 7.95044722632e-47
134.75 7.94889774405e-47
135 7.94735565568e-47
135.25 7.94582013745e-47
135.5 7.94429036627e-47
135.75 7.94276551968e-47
136 7.94124477587e-47
136.25 7.93972731366e-47
136.5 7.9382123125e-47
136.75 7.93669895246e-47
137 7.93518641425e-47
137.25 7.93367387921e-47
137.5 7.93216052928e-47
137.75 7.93064554703e-47
138 7.92912811568e-47
138.25 7.92760741906e-47
138.5 7.92608264163e-47
138.75 7.92455296847e-47
139 7.92301758534e-47
139.25 7.92147567861e-47
139.5 7.91992643531e-47
139.75 7.91836904313e-47
140 7.91680269044e-47
140.25 7.91522656624e-47
140.5 7.91363986027e-47
140.75 7.91204176294e-47
141 7.91043146535e-47
141.25 7.90880815935e-47
141.5 7.9071710375e-47
141.75 7.90551929311e-47
142 7.90385212025e-47
142.25 7.90216871377e-47
142.5 7.90046826931e-47
142.75 7.8987499833e-47
143 7.89701305303e-47
143.25 7.8952566766e-47
143.5 7.893480053e-47
143.75 7.89168238209e-47
144 7.88986286465e-47
144.25 7.88802070237e-47
144.5 7.8861550979e-47
144.75 7.88426525486e-47
145 7.88235037788e-47
145.25 7.8804096726e-47
145.5 7.87844234571e-47
145.75 7.87644760499e-47
146 7.8744246593e-47
146.25 7.87237271866e-47
146.5 7.87029099422e-47
146.75 7.86817869834e-47
147 7.86603504461e-47
147.25 7.86385924785e-47
147.5 7.86165052418e-47
147.75 7.85940809103e-47
148 7.85713116719e-47
148.25 7.85481897284e-47
148.5 7.85247072956e-47
148.75 7.8500856604e-47
149 7.84766298992e-47
149.25 7.84520194419e-47
149.5 7.84270175086e-47
149.75 7.84016163919e-47
150 7.83758084009e-47
150.25 7.83495858614e-47
150.5 7.83229411169e-47
150.75 7.82958665282e-47
151 7.82683544747e-47
151.25 7.82403973539e-47
151.5 7.82119875828e-47
151.75 7.81831175975e-47
152 7.81537798544e-47
152.25 7.81239668299e-47
152.5 7.80936710217e-47
152.75 7.80628849485e-47
153 7.8031601151e-47
153.25 7.79998121921e-47
153.5 7.79675106577e-47
153.75 7.79346891569e-47
154 7.79013403226e-47
154.25 7.78674568122e-47
154.5 7.78330313079e-47
154.75 7.77980565171e-47
155 7.77625251735e-47
155.25 7.77264300371e-47
155.5 7.76897638948e-47
155.75 7.76525195614e-47
156 7.76146898795e-47
156.25 7.75762677207e-47
156.5 7.75372459858e-47
156.75 7.74976176054e-47
157 7.74573755407e-47
157.25 7.74165127837e-47
157.5 7.73750223582e-47
157.75 7.73328973204e-47
158 7.7290130759e-47
158.25 7.72467157965e-47
158.5 7.72026455892e-47
158.75 7.71579133283e-47
159 7.71125122403e-47
159.25 7.70664355876e-47
159.5 7.70196766693e-47
159.75 7.69722288216e-47
160 7.69240854188e-47
160.25 7.68752398736e-47
160.5 7.68256856379e-47
160.75 7.67754162037e-47
161 7.67244251033e-47
161.25 7.66727059102e-47
161.5 7.662025224e-47
161.75 7.65670577507e-47
162 7.65131161435e-47
162.25 7.64584211638e-47
162.5 7.64029666013e-47
162.75 7.63467462911e-47
163 7.62897541146e-47
163.25 7.62319839996e-47
163.5 7.61734299214e-47
163.75 7.61140859035e-47
164 7.60539460181e-47
164.25 7.59930043872e-47
164.5 7.59312551829e-47
164.75 7.58686926283e-47
165 7.58053109982e-47
165.25 7.57411046199e-47
165.5 7.56760678738e-47
165.75 7.56101951943e-47
166 7.55434810704e-47
166.25 7.54759200462e-47
166.5 7.54075067222e-47
166.75 7.53382357557e-47
167 7.52681030858e-47
167.25 7.51971141208e-47
167.5 7.51252786545e-47
167.75 7.50526065056e-47
168 7.49791074925e-47
168.25 7.49047914329e-47
168.5 7.48296681421e-47
168.75 7.47537474324e-47
169 7.46770391125e-47
169.25 7.45995529861e-47
169.5 7.45212988512e-47
169.75 7.44422865021e-47
170 7.43625257139e-47
170.25 7.4282026271e-47
170.5 7.42007979369e-47
170.75 7.41188504679e-47
171 7.40361936093e-47
171.25 7.39528370948e-47
171.5 7.38687906458e-47
171.75 7.37840639698e-47
172 7.36986667607e-47
172.25 7.36126086973e-47
172.5 7.35258994427e-47
172.75 7.34385486434e-47
173 7.33505659291e-47
173.25 7.32619609113e-47
173.5 7.31727431828e-47
173.75 7.30829223173e-47
174 7.29925078682e-47
174.25 7.29015093682e-47
174.5 7.28099363285e-47
174.75 7.27177982385e-47
175 7.26251045644e-47
175.25 7.25318647491e-47
175.5 7.24380882117e-47
175.75 7.23437843462e-47
176 7.22489625217e-47
176.25 7.21536320812e-47
176.5 7.20578023411e-47
176.75 7.19614825908e-47
177 7.18646820923e-47
177.25 7.17674100789e-47
177.5 7.16696757556e-47
177.75 7.15714882979e-47
178 7.14728568513e-47
178.25 7.13737905313e-47
178.5 7.12742984223e-47
178.75 7.11743895775e-47
179 7.10740730181e-47
179.25 7.09733577331e-47
179.5 7.08722526787e-47
179.75 7.09836642741e-47
180 7.58044071226e-45
180.25 7.05666879607e-47
180.5 7.046411272e-47
180.75 7.0361191984e-47
181 7.02579345031e-47
181.25 7.0154348992e-47
181.5 7.00504441294e-47
181.75 6.99462285574e-47
182 6.98417108814e-47
182.25 6.97368996693e-47
182.5 6.9631803452e-47
182.75 6.9526430722e-47
183 6.9420789934e-47
183.25 6.93148895042e-47
183.5 6.92087378097e-47
183.75 6.91023431889e-47
184 6.89957139407e-47
184.25 6.88888583243e-47
184.5 6.87817845592e-47
184.75 6.86745008245e-47
185 6.85670152591e-47
185.25 6.84593359613e-47
185.5 6.83514709885e-47
185.75 6.82434283571e-47
186 6.81352160421e-47
186.25 6.80268419773e-47
186.5 6.79183140546e-47
186.75 6.78096401242e-47
187 6.77008279943e-47
187.25 6.75918854309e-47
187.5 6.74828201579e-47
187.75 6.73736398565e-47
188 6.72643521655e-47
188.25 6.71549646808e-47
188.5 6.70454849556e-47
188.75 6.69359205003e-47
189 6.6826278782e-47
189.25 6.67165672249e-47
189.5 6.66067932098e-47
189.75 6.64969640743e-47
190 6.63870871127e-47
190.25 6.62771695759e-47
190.5 6.61672186712e-47
190.75 6.60572415624e-47
191 6.59472453699e-47
191.25 6.58372371704e-47
191.5 6.5727223997e-47
191.75 6.56172128392e-47
192 6.5507210643e-47
192.25 6.53972243106e-47
192.5 6.52872607006e-47
192.75 6.51773266282e-47
193 6.50674288648e-47
193.25 6.49575741383e-47
193.5 6.48477691332e-47
193.75 6.47380204905e-47
194 6.46283348076e-47
194.25 6.45187186389e-47
194.5 6.44091784951e-47
194.75 6.4299720844e-47
195 6.41903521101e-47
195.25 6.40810786748e-47
195.5 6.39719068765e-47
195.75 6.38628430109e-47
196 6.37538933309e-47
196.25 6.36450640464e-47
196.5 6.35363613251e-47
196.75 6.34277912922e-47
197 6.33193600305e-47
197.25 6.32110735806e-47
197.5 6.31029379411e-47
197.75 6.29949590688e-47
198 6.28871428785e-47
198.25 6.27794952437e-47
198.5 6.26720219964e-47
198.75 6.25647289271e-47
199 6.24576217854e-47
199.25 6.23507062799e-47
199.5 6.22439880786e-47
199.75 6.21374728088e-47
200 6.20311660576e-47
200.25 6.19250733716e-47
200.5 6.18192002578e-47
200.75 6.17135521832e-47
201 6.16081345755e-47
201.25 6.15029528228e-47
201.5 6.13980122743e-47
201.75 6.12933182401e-47
202 6.11888759919e-47
202.25 6.10846907629e-47
202.5 6.0980767748e-47
202.75 6.08771121043e-47
203 6.0773728951e-47
203.25 6.06706233703e-47
203.5 6.05678004068e-47
203.75 6.04652650683e-47
204 6.0363022326e-47
204.25 6.02610771147e-47
204.5 6.01594343332e-47
204.75 6.00580988441e-47
205 5.99570754749e-47
205.25 5.98563690175e-47
205.5 5.9755984229e-47
205.75 5.96559258317e-47
206 5.95561985135e-47
206.25 5.94568069283e-47
206.5 5.93577556962e-47
206.75 5.92590494036e-47
207 5.91606926041e-47
207.25 5.9062689818e-47
207.5 5.89650455334e-47
207.75 5.88677642059e-47
208 5.87708502595e-47
208.25 5.86743080863e-47
208.5 5.85781420472e-47
208.75 5.84823564725e-47
209 5.83869556615e-47
209.25 5.82919438835e-47
209.5 5.81973253777e-47
209.75 5.8103104354e-47
210 5.80092849929e-47
210.25 5.7915871446e-47
210.5 5.78228678366e-47
210.75 5.77302782595e-47
211 5.76381067821e-47
211.25 5.7546357444e-47
211.5 5.7455034258e-47
211.75 5.73641412101e-47
212 5.72736822599e-47
212.25 5.71836613412e-47
212.5 5.70940823619e-47
212.75 5.7004949205e-47
213 5.69162657285e-47
213.25 5.6828035766e-47
213.5 5.67402631271e-47
213.75 5.66529515975e-47
214 5.65661049399e-47
214.25 5.64797268939e-47
214.5 5.63938211766e-47
214.75 5.63083914831e-47
215 5.62234414867e-47
215.25 5.61389748394e-47
215.5 5.60549951723e-47
215.75 5.5971506096e-47
216 5.5888511201e-47
216.25 5.58060140582e-47
216.5 5.5724018219e-47
216.75 5.56425272163e-47
217 5.55615445642e-47
217.25 5.5481073759e-47
217.5 5.54011182793e-47
217.75 5.53216815866e-47
218 5.52427671255e-47
218.25 5.51643783245e-47
218.5 5.50865185959e-47
218.75 5.50091913369e-47
219 5.49323999293e-47
219.25 5.48561477406e-47
219.5 5.4780438124e-47
219.75 5.47052744189e-47
220 5.46306599517e-47
220.25 5.45565980356e-47
220.5 5.44830919717e-47
220.75 5.44101450491e-47
221 5.43377605453e-47
221.25 5.42659417268e-47
221.5 5.41946918496e-47
221.75 5.41240141595e-47
222 5.40539118927e-47
222.25 5.39843882761e-47
222.5 5.3915446528e-47
222.75 5.38470898582e-47
223 5.37793214689e-47
223.25 5.37121445548e-47
223.5 5.36455623038e-47
223.75 5.35795778974e-47
224 5.35141945112e-47
224.25 5.34494153154e-47
224.5 5.3385243475e-47
224.75 5.33216821508e-47
225 5.32587344994e-47
225.25 5.31964036741e-47
225.5 5.31346928249e-47
225.75 5.30736050995e-47
226 5.30131436434e-47
226.25 5.29533116008e-47
226.5 5.28941121146e-47
226.75 5.28355483272e-47
227 5.27776233811e-47
227.25 5.27203404191e-47
227.5 5.26637025852e-47
227.75 5.26077130246e-47
228 5.25523748848e-47
228.25 5.24976913156e-47
228.5 5.24436654699e-47
228.75 5.23903005042e-47
229 5.2337599579e-47
229.25 5.22855658595e-47
229.5 5.22342025159e-47
229.75 5.21835127243e-47
230 5.21334996668e-47
230.25 5.20841665323e-47
230.5 5.2035516517e-47
230.75 5.1987552825e-47
231 5.19402786687e-47
231.25 5.18936972694e-47
231.5 5.18478118579e-47
231.75 5.18026256751e-47
232 5.17581419725e-47
232.25 5.17143640127e-47
232.5 5.167129507e-47
232.75 5.16289384311e-47
233 5.15872973956e-47
233.25 5.15463752764e-47
233.5 5.15061754005e-47
233.75 5.14667011095e-47
234 5.14279557604e-47
234.25 5.13899427256e-47
234.5 5.13526653944e-47
234.75 5.13161271726e-47
235 5.12803314839e-47
235.25 5.12452817701e-47
235.5 5.12109814919e-47
235.75 5.11774341294e-47
236 5.11446431826e-47
236.25 5.11126121725e-47
236.5 5.10813446411e-47
236.75 5.10508441525e-47
237 5.10211142933e-47
237.25 5.09921586735e-47
237.5 5.09639809268e-47
237.75 5.09365847115e-47
238 5.09099737111e-47
238.25 5.08841516349e-47
238.5 5.08591222188e-47
238.75 5.08348892258e-47
239 5.08114564468e-47
239.25 5.07888277013e-47
239.5 5.07681607048e-47
239.75 5.07471772861e-47
240 5.07270101546e-47
240.25 5.0707663267e-47
240.5 5.06891406127e-47
240.75 5.06714462142e-47
241 5.06545841281e-47
241.25 5.06385584457e-47
241.5 5.06233732938e-47
241.75 5.06090328356e-47
242 5.05955412712e-47
242.25 5.05829028385e-47
242.5 5.05711218141e-47
242.75 5.05602025139e-47
243 5.05501492941e-47
243.25 5.05409665518e-47
243.5 5.0532658726e-47
243.75 5.05252302982e-47
244 5.05186857934e-47
244.25 5.05130297812e-47
244.5 5.05082668759e-47
244.75 5.05044017383e-47
245 5.05014390756e-47
245.25 5.04993836432e-47
245.5 5.04982402451e-47
245.75 5.04980137345e-47
246 5.04987090155e-47
246.25 5.05003310434e-47
246.5 5.05028848258e-47
246.75 5.05063754236e-47
247 5.05108079519e-47
247.25 5.0516187581e-47
247.5 5.05225195373e-47
247.75 5.05298091044e-47
248 5.05380616238e-47
248.25 5.05472824964e-47
248.5 5.05574771833e-47
248.75 5.05686512064e-47
249 5.05808101503e-47
249.25 5.05939596627e-47
249.5 5.06081054555e-47
249.75 5.06232533063e-47
250 5.06394090593e-47
250.25 5.06565786262e-47
250.5 5.06747679876e-47
250.75 5.06939831941e-47
251 5.07142303674e-47
251.25 5.07355157013e-47
251.5 5.07578454635e-47
251.75 5.07812259961e-47
252 5.08056637171e-47
252.25 5.0831165122e-47
252.5 5.08577367844e-47
252.75 5.08853853578e-47
253 5.09141175767e-47
253.25 5.09439402579e-47
253.5 5.09748603019e-47
253.75 5.10068846942e-47
254 5.10400205068e-47
254.25 5.10742748994e-47
254.5 5.11096551211e-47
254.75 5.11461685116e-47
255 5.11838225025e-47
255.25 5.12226246195e-47
255.5 5.1262582483e-47
255.75 5.13037038103e-47
256 5.1345996417e-47
256.25 5.13894682183e-47
256.5 5.1434127231e-47
256.75 5.1479981575e-47
257 5.15270394748e-47
257.25 5.15753092614e-47
257.5 5.1624799374e-47
257.75 5.16755183618e-47
258 5.17274748855e-47
258.25 5.17806777194e-47
258.5 5.18351357532e-47
258.75 5.18908579938e-47
259 5.19478535674e-47
259.25 5.20061317212e-47
259.5 5.20657018255e-47
259.75 5.21265733757e-47
260 5.21887559946e-47
260.25 5.22522594341e-47
260.5 5.23170935777e-47
260.75 5.23832684424e-47
261 5.24507941813e-47
261.25 5.25196810855e-47
261.5 5.25899395865e-47
261.75 5.26615802589e-47
262 5.27346138224e-47
262.25 5.28090511446e-47
262.5 5.28849032432e-47
262.75 5.2962181289e-47
263 5.30408966083e-47
263.25 5.31210606855e-47
263.5 5.3202685166e-47
263.75 5.32857818592e-47
264 5.33703627411e-47
264.25 5.34564399574e-47
264.5 5.35440258266e-47
264.75 5.36331328431e-47
265 5.37237736801e-47
265.25 5.38159611933e-47
265.5 5.39097084243e-47
265.75 5.40050286034e-47
266 5.41019351539e-47
266.25 5.42004416954e-47
266.5 5.43005620473e-47
266.75 5.44023102334e-47
267 5.45057004848e-47
267.25 5.46107472451e-47
267.5 5.47174651737e-47
267.75 5.48258691505e-47
268 5.49359742805e-47
268.25 5.50477958982e-47
268.5 5.51613495724e-47
268.75 5.5276651111e-47
269 5.53937165663e-47
269.25 5.551256224e-47
269.5 5.5633204689e-47
269.75 5.57556607306e-47
270 5.58799474486e-47
270.25 5.60060821991e-47
270.5 5.61340826173e-47
270.75 5.62639666234e-47
271 5.63957524298e-47
271.25 5.65294585479e-47
271.5 5.66651037956e-47
271.75 5.6802707305e-47
272 5.69422885304e-47
272.25 5.70838672563e-47
272.5 5.72274636067e-47
272.75 5.73730980536e-47
273 5.75207914272e-47
273.25 5.76705649253e-47
273.5 5.78224401243e-47
273.75 5.79764389899e-47
274 5.81325838889e-47
274.25 5.82908976014e-47
274.5 5.84514033335e-47
274.75 5.86141247311e-47
275 5.87790858941e-47
275.25 5.89463113914e-47
275.5 5.91158262776e-47
275.75 5.92876561091e-47
276 5.94618269628e-47
276.25 5.9638365455e-47
276.5 5.98172987618e-47
276.75 5.99986546409e-47
277 6.01824614546e-47
277.25 6.03687481948e-47
277.5 6.0557544509e-47
277.75 6.0748880729e-47
278 6.09427879009e-47
278.25 6.11392978179e-47
278.5 6.13384430551e-47
278.75 6.15402570072e-47
279 6.1744773929e-47
279.25 6.19520289794e-47
279.5 6.21620582686e-47
279.75 6.23748989092e-47
280 6.2590589072e-47
280.25 6.28091680461e-47
280.5 6.30306763046e-47
280.75 6.32551555757e-47
281 6.34826489207e-47
281.25 6.37132008192e-47
281.5 6.39468572616e-47
281.75 6.41836658514e-47
282 6.44236759167e-47
282.25 6.46669386331e-47
282.5 6.49135071592e-47
282.75 6.51634367856e-47
283 6.54167850997e-47
283.25 6.56736121683e-47
283.5 6.59339807394e-47
283.75 6.61979564672e-47
284 6.64656081619e-47
284.25 6.67370080681e-47
284.5 6.70122321761e-47
284.75 6.7289130201e-47
285 6.75681175492e-47
285.25 6.78508453474e-47
285.5 6.81373792395e-47
285.75 6.84277878882e-47
286 6.87221432555e-47
286.25 6.90205209175e-47
286.5 6.93230004225e-47
286.75 6.9629665695e-47
287 6.99406054966e-47
287.25 7.02559139502e-47
287.5 7.05756911403e-47
287.75 7.09000438007e-47
288 7.12290861054e-47
288.25 7.15629405811e-47
288.5 7.19017391636e-47
288.75 7.2245624424e-47
289 7.25947509983e-47
289.25 7.29492872586e-47
289.5 7.33094172759e-47
289.75 7.36753431329e-47
290 7.40472876615e-47
290.25 7.44254976965e-47
290.5 7.48102479607e-47
290.75 7.52018457254e-47
291 7.56006364302e-47
291.25 7.60070104933e-47
291.5 7.64214116128e-47
291.75 7.68443469429e-47
292 7.72763996481e-47
292.25 7.77182444905e-47
292.5 7.81706673235e-47
292.75 7.86345896492e-47
293 7.91110998058e-47
293.25 7.96014929137e-47
293.5 8.01073225104e-47
293.75 8.06304679601e-47
294 8.11732233966e-47
294.25 8.17384164439e-47
294.5 8.23295686861e-47
294.75 8.29511155582e-47
295 8.36087122182e-47
295.25 8.43096661083e-47
295.5 8.50635599537e-47
295.75 8.58831674633e-47
296 8.67858302043e-47
296.25 8.77955816545e-47
296.5 8.89465206739e-47
296.75 9.02883511162e-47
297 9.18958369323e-47
297.25 9.38856886129e-47
297.5 9.64483934369e-47
297.75 9.99122679725e-47
298 1.04883231936e-46
298.25 1.1258304753e-46
298.5 1.25788223707e-46
298.75 1.51990243381e-46
299 2.17699988913e-46
299.25 4.79746350165e-46
299.5 6.06322764267e-45
299.75 1.70901062929e-45
300 3.45468577674e-46
300.25 1.90644772635e-46
300.5 1.44583206897e-46
300.75 1.25203596436e-46
301 1.15460322305e-46
301.25 1.10030507965e-46
301.5 1.06818711556e-46
301.75 1.04864680725e-46
302 1.03678124875e-46
302.25 1.02987540138e-46
302.5 1.02632753626e-46
302.75 1.02514349653e-46
303 1.02567999732e-46
303.25 1.02750607877e-46
303.5 1.03032441792e-46
303.75 1.03392467169e-46
304 1.0381547739e-46
304.25 1.04290270445e-46
304.5 1.04808458195e-46
304.75 1.05363669252e-46
305 1.05951003507e-46
305.25 1.06566651485e-46
305.5 1.07207623974e-46
305.75 1.0787155689e-46
306 1.08556568376e-46
306.25 1.09261152748e-46
306.5 1.09984100841e-46
306.75 1.10724439485e-46
307 1.11481385058e-46
307.25 1.12254307491e-46
307.5 1.13042702131e-46
307.75 1.13846167551e-46
308 1.14664387939e-46
308.25 1.15497118996e-46
308.5 1.16344176589e-46
308.75 1.17205427549e-46
309 1.18080782179e-46
309.25 1.18970188108e-46
309.5 1.19873625232e-46
309.75 1.20791101534e-46
310 1.21722649605e-46
310.25 1.22668323742e-46
310.5 1.23628197525e-46
310.75 1.24602361774e-46
311 1.25590922838e-46
311.25 1.26594001141e-46
311.5 1.2761172996e-46
311.75 1.28644254383e-46
312 1.29691730428e-46
312.25 1.30754324298e-46
312.5 1.31832211743e-46
312.75 1.32925577522e-46
313 1.34034614946e-46
313.25 1.35159525493e-46
313.5 1.36300518482e-46
313.75 1.374578108e-46
314 1.38631626679e-46
314.25 1.39822197506e-46
314.5 1.41029761669e-46
314.75 1.42252549956e-46
315 1.43492323363e-46
315.25 1.44750060251e-46
315.5 1.46026008779e-46
315.75 1.47320425273e-46
316 1.4863357406e-46
316.25 1.49965727334e-46
316.5 1.51317165056e-46
316.75 1.52688174875e-46
317 1.54079052073e-46
317.25 1.55490099526e-46
317.5 1.56921627697e-46
317.75 1.58373954629e-46
318 1.59847405963e-46
318.25 1.61342314973e-46
318.5 1.62859022605e-46
318.75 1.64397877533e-46
319 1.6595923623e-46
319.25 1.67543463041e-46
319.5 1.6915093027e-46
319.75 1.7078201828e-46
320 1.72437115595e-46
320.25 1.74116619013e-46
320.5 1.75820933731e-46
320.75 1.7755047347e-46
321 1.79305660612e-46
321.25 1.81086926346e-46
321.5 1.82894710815e-46
321.75 1.84729463278e-46
322 1.86591642267e-46
322.25 1.88481715764e-46
322.5 1.90400161376e-46
322.75 1.92347466515e-46
323 1.94324128594e-46
323.25 1.96330655219e-46
323.5 1.98367564392e-46
323.75 2.00435384723e-46
324 2.02534655641e-46
324.25 2.04665927622e-46
324.5 2.06829762412e-46
324.75 2.09026733265e-46
325 2.11257425187e-46
325.25 2.13522435178e-46
325.5 2.15822372498e-46
325.75 2.18157858918e-46
326 2.20529529001e-46
326.25 2.22938030371e-46
326.5 2.25384024e-46
326.75 2.27868184503e-46
327 2.30391200431e-46
327.25 2.32953774587e-46
327.5 2.35556624334e-46
327.75 2.38200481922e-46
328 2.40886094823e-46
328.25 2.43614226065e-46
328.5 2.46385654588e-46
328.75 2.49201175596e-46
329 2.52061600933e-46
329.25 2.62949215111e-46
329.5 2.72771280628e-46
329.75 2.89165739167e-46
330 3.19180586742e-46
330.25 3.78852219161e-46
330.5 5.07388536483e-46
330.75 8.10631683729e-46
331 1.61865533627e-45
331.25 4.22544145467e-45
331.5 1.18329852362e-44
331.75 8.66650861106e-44
332 1.58594543578e-43
332.25 1.43234835295e-44
332.5 4.99011548243e-45
332.75 1.83605646043e-45
333 9.04805545044e-46
333.25 5.68995034181e-46
333.5 4.33490217288e-46
333.75 3.7539208338e-46
334 3.50130879371e-46
334.25 3.24109214254e-46
334.5 3.28160459975e-46
334.75 3.32253512963e-46
335 3.36382174325e-46
335.25 3.40539923381e-46
335.5 3.4471991136e-46
335.75 3.48914956431e-46
336 3.53117540166e-46
336.25 3.57319805581e-46
336.5 3.61513556847e-46
336.75 3.65690260801e-46
337 3.69841050379e-46
337.25 3.7395673008e-46
337.5 3.78027783585e-46
337.75 3.82044383621e-46
338 3.85996404201e-46
338.25 3.89873435308e-46
338.5 3.93664800132e-46
338.75 3.97359574919e-46
339 4.00946611514e-46
339.25 4.0441456263e-46
339.5 4.07751909894e-46
339.75 4.10946994672e-46
340 4.13988051683e-46
340.25 4.16863245376e-46
340.5 4.19560709014e-46
340.75 4.22068586417e-46
341 4.24375076244e-46
341.25 4.26468478719e-46
341.5 4.28337314384e-46
341.75 4.29974588629e-46
342 4.31380323479e-46
342.25 4.32555537356e-46
342.5 4.33501657817e-46
342.75 4.34220508978e-46
343 4.34714297963e-46
343.25 4.3498560047e-46
343.5 4.35037345545e-46
343.75 4.34872799647e-46
344 4.34495550091e-46
344.25 4.33909487958e-46
344.5 4.3311879057e-46
344.75 4.32127903589e-46
345 4.30941522855e-46
345.25 4.29564576017e-46
345.5 4.28002204059e-46
345.75 4.26259742779e-46
346 4.24342704304e-46
346.25 4.22256758712e-46
346.5 4.20007715821e-46
346.75 4.17601507213e-46
347 4.15044168544e-46
347.25 4.12341822209e-46
347.5 4.09500660394e-46
347.75 4.06526928583e-46
348 4.03426909537e-46
348.25 4.00206907805e-46
348.5 3.96873234794e-46
348.75 3.93432194417e-46
349 3.89890069363e-46
349.25 3.86253107997e-46
349.5 3.82527511915e-46
349.75 3.78719424161e-46
350 3.74834918128e-46
350.25 3.70879987136e-46
350.5 3.66860534706e-46
350.75 3.62782365516e-46
351 3.58651177046e-46
351.25 3.54472551905e-46
351.5 3.50251950834e-46
351.75 3.45994706367e-46
352 3.41706017153e-46
352.25 3.37390942904e-46
352.5 3.33054399978e-46
352.75 3.28701157555e-46
353 3.24335834407e-46
353.25 3.19962896224e-46
353.5 3.15586653494e-46
353.75 3.11211259898e-46
354 3.06840711205e-46
354.25 3.0247884464e-46
354.5 2.98129338709e-46
354.75 2.93795713443e-46
355 2.89481331051e-46
355.25 2.85189396947e-46
355.5 2.8092296113e-46
355.75 2.76684919896e-46
356 2.72478017851e-46
356.25 2.6830485021e-46
356.5 2.6416786535e-46
356.75 2.600693676e-46
357 2.56011520249e-46
357.25 2.51996348735e-46
357.5 2.4802574402e-46
357.75 2.44101466104e-46
358 2.40225147678e-46
358.25 2.36398297888e-46
358.5 2.32622306199e-46
358.75 2.28898446331e-46
359 2.25227880268e-46
359.25 2.21611662312e-46
359.5 2.18050394629e-46
359.75 2.14545634851e-46
360 2.11097780687e-46
360.25 2.07707496744e-46
360.5 2.04375360477e-46
360.75 2.01101866273e-46
361 1.97887429499e-46
361.25 1.94732390506e-46
361.5 1.91637018593e-46
361.75 1.88601515912e-46
362 1.85626021312e-46
362.25 1.82710614119e-46
362.5 1.79855317846e-46
362.75 1.77060103828e-46
363 1.74324894777e-46
363.25 1.71649568263e-46
363.5 1.69033960102e-46
363.75 1.66477867672e-46
364 1.63981053134e-46
364.25 1.61543246569e-46
364.5 1.5916414903e-46
364.75 1.56843435506e-46
365 1.54580757802e-46
365.25 1.52375747189e-46
365.5 1.50227741421e-46
365.75 1.48135237965e-46
366 1.46096622706e-46
366.25 1.44110336693e-46
366.5 1.42174874036e-46
366.75 1.40288779905e-46
367 1.38450648601e-46
367.25 1.36659121716e-46
367.5 1.3491288636e-46
367.75 1.33210673467e-46
368 1.31551256164e-46
368.25 1.29933448215e-46
368.5 1.28356102518e-46
368.75 1.2681810967e-46
369 1.25318396588e-46
369.25 1.2385592518e-46
369.5 1.2242969108e-46
369.75 1.21038722423e-46
370 1.19682078672e-46
370.25 1.18358849495e-46
370.5 1.1706815368e-46
370.75 1.15809138097e-46
371 1.145809767e-46
371.25 1.13382869566e-46
371.5 1.12214041975e-46
371.75 1.11073743516e-46
372 1.09961247246e-46
372.25 1.08875848859e-46
372.5 1.07816865904e-46
372.75 1.06783637024e-46
373 1.05775521228e-46
373.25 1.04791897188e-46
373.5 1.03832162563e-46
373.75 1.02895733349e-46
374 1.01982043256e-46
374.25 1.01090543101e-46
374.5 1.00220700233e-46
374.75 9.93719979704e-47
375 9.85439350643e-47
375.25 9.77360251814e-47
375.5 9.69477964044e-47
375.75 9.61787907505e-47
376 9.54285637086e-47
376.25 9.46966837923e-47
376.5 9.39827321095e-47
376.75 9.32863019473e-47
377 9.26069983721e-47
377.25 9.19444378431e-47
377.5 9.12982478405e-47
377.75 9.06680665066e-47
378 9.00535422989e-47
378.25 8.94543336562e-47
378.5 8.88701086762e-47
378.75 8.83005448038e-47
379 8.77453285308e-47
379.25 8.72041551059e-47
379.5 8.66767282542e-47
379.75 8.61627599068e-47
380 8.56619699397e-47
380.25 8.51740859206e-47
380.5 8.4698842866e-47
380.75 8.42359830044e-47
381 8.37852555492e-47
381.25 8.33464164781e-47
381.5 8.29192283203e-47
381.75 8.25034599507e-47
382 8.20988863905e-47
382.25 8.17052886146e-47
382.5 8.13224533655e-47
382.75 8.09501729731e-47
383 8.05882451795e-47
383.25 8.02364729711e-47
383.5 7.98946644141e-47
383.75 7.9562632497e-47
384 7.92401949768e-47
384.25 7.89271742307e-47
384.5 7.86233971123e-47
384.75 7.83286948119e-47
385 7.80429027217e-47
385.25 7.77658603048e-47
385.5 7.74974109683e-47
385.75 7.72374019399e-47
386 7.6985684149e-47
386.25 7.67421121107e-47
386.5 7.65065438132e-47
386.75 7.62788406093e-47
387 7.60588671101e-47
387.25 7.58464910826e-47
387.5 7.56415833497e-47
387.75 7.54440176936e-47
388 7.52536707616e-47
388.25 7.50704219744e-47
388.5 7.4894153438e-47
388.75 7.47247498565e-47
389 7.45620984487e-47
389.25 7.44060888663e-47
389.5 7.42566131145e-47
389.75 7.41135654747e-47
390 7.39768424297e-47
390.25 7.38463425901e-47
390.5 7.37219666232e-47
390.75 7.36036171841e-47
391 7.34911988476e-47
391.25 7.33846180428e-47
391.5 7.3283782989e-47
391.75 7.3188603633e-47
392 7.30989915886e-47
392.25 7.3014860077e-47
392.5 7.29361238689e-47
392.75 7.28626992283e-47
393 7.27945038572e-47
393.25 7.27314568419e-47
393.5 7.26734786005e-47
393.75 7.2620490832e-47
394 7.25724164658e-47
394.25 7.25291796131e-47
394.5 7.24907055194e-47
394.75 7.24569205175e-47
395 7.2427751982e-47
395.25 7.2403128285e-47
395.5 7.23829787525e-47
395.75 7.23672336216e-47
396 7.2355823999e-47
396.25 7.23486818202e-47
396.5 7.23457398099e-47
396.75 7.23469314425e-47
397 7.23521909045e-47
397.25 7.23614530568e-47
397.5 7.23746533981e-47
397.75 7.23917280291e-47
398 7.24126136177e-47
398.25 7.24372473643e-47
398.5 7.24655669685e-47
398.75 7.24975105957e-47
399 7.25330168454e-47
399.25 7.25720247191e-47
399.5 7.26144735895e-47
399.75 7.26603031703e-47
400 7.2709453486e-47
400.25 7.27618648435e-47
400.5 7.28174778029e-47
400.75 7.287623315e-47
401 7.29387325088e-47
401.25 7.30036044946e-47
401.5 7.30714424317e-47
401.75 7.31421877412e-47
402 7.32157819386e-47
402.25 7.32921666086e-47
402.5 7.33712833813e-47
402.75 7.34530739086e-47
403 7.35374798407e-47
403.25 7.36244428038e-47
403.5 7.37139043781e-47
403.75 7.38058060759e-47
404 7.39000893205e-47
404.25 7.39966954259e-47
404.5 7.40955655764e-47
404.75 7.41966408069e-47
405 7.42998619841e-47
405.25 7.44051697876e-47
405.5 7.45125046918e-47
405.75 7.4621806948e-47
406 7.47330165678e-47
406.25 7.48460733057e-47
406.5 7.49609166435e-47
406.75 7.50774857743e-47
407 7.51957195872e-47
407.25 7.53155566529e-47
407.5 7.54369352095e-47
407.75 7.55597931485e-47
408 7.56840680018e-47
408.25 7.58096969291e-47
408.5 7.59366167059e-47
408.75 7.60647637116e-47
409 7.61940739184e-47
409.25 7.63244828813e-47
409.5 7.64559257275e-47
409.75 7.65883371471e-47
410 7.67216513844e-47
410.25 7.68558022296e-47
410.5 7.69907230108e-47
410.75 7.71263465869e-47
411 7.7262605341e-47
411.25 7.73994311745e-47
411.5 7.75367555017e-47
411.75 7.76745092446e-47
412 7.78126228292e-47
412.25 7.79510261818e-47
412.5 7.80896487257e-47
412.75 7.82284193793e-47
413 7.83672691138e-47
413.25 7.85061670169e-47
413.5 7.86451118544e-47
413.75 7.87841031642e-47
414 7.89231404837e-47
414.25 7.90622233503e-47
414.5 7.92013513007e-47
414.75 7.93405238719e-47
415 7.94797406002e-47
415.25 7.9619001022e-47
415.5 7.97583046732e-47
415.75 7.98976510896e-47
416 8.00370398069e-47
416.25 8.01764703604e-47
416.5 8.03159422852e-47
416.75 8.04554551164e-47
417 8.05950083887e-47
417.25 8.07346016367e-47
417.5 8.08742343949e-47
417.75 8.10139061975e-47
418 8.11536165786e-47
418.25 8.12933650722e-47
418.5 8.1433151212e-47
418.75 8.15729745318e-47
419 8.17128345649e-47
419.25 8.1852730845e-47
419.5 8.19926629052e-47
419.75 8.21326302786e-47
420 8.22726324985e-47
420.25 8.24126690977e-47
420.5 8.25527396091e-47
420.75 8.26928435656e-47
421 8.28329805e-47
421.25 8.29731499447e-47
421.5 8.31133514326e-47
421.75 8.32535844962e-47
422 8.3393848668e-47
422.25 8.35341434805e-47
422.5 8.36744684662e-47
422.75 8.38148231576e-47
423 8.39552070871e-47
423.25 8.40956197873e-47
423.5 8.42360607905e-47
423.75 8.43765296293e-47
424 8.45170258363e-47
424.25 8.4657548944e-47
424.5 8.4798098485e-47
424.75 8.4938673992e-47
425 8.50792749977e-47
425.25 8.5219901035e-47
425.5 8.53605516368e-47
425.75 8.55012263361e-47
426 8.5641924666e-47
426.25 8.57826461596e-47
426.5 8.59233903505e-47
426.75 8.6064156772e-47
427 8.62049449578e-47
427.25 8.63457544417e-47
427.5 8.64865847576e-47
427.75 8.66274354398e-47
428 8.67683060224e-47
428.25 8.69091960401e-47
428.5 8.70501050276e-47
428.75 8.71910325199e-47
429 8.73319780521e-47
429.25 8.74729411597e-47
429.5 8.76139213785e-47
429.75 8.77549182444e-47
430 8.78959312937e-47
430.25 8.80369600629e-47
430.5 8.8178004089e-47
430.75 8.83190629091e-47
431 8.84601360608e-47
431.25 8.8601223082e-47
431.5 8.87423235108e-47
431.75 8.88834368861e-47
432 8.90245627467e-47
432.25 8.91657006322e-47
432.5 8.93068500823e-47
432.75 8.94480106375e-47
433 8.95891818383e-47
433.25 8.97303632261e-47
433.5 8.98715543426e-47
433.75 9.00127547299e-47
434 9.01539639308e-47
434.25 9.02951814886e-47
434.5 9.0436406947e-47
434.75 9.05776398505e-47
435 9.0718879744e-47
435.25 9.08601261731e-47
435.5 9.10013786841e-47
435.75 9.11426368237e-47
436 9.12839001395e-47
436.25 9.14251681797e-47
436.5 9.15664404932e-47
436.75 9.17077166297e-47
437 9.18489961395e-47
437.25 9.19902785739e-47
437.5 9.21315634847e-47
437.75 9.22728504247e-47
438 9.24141389476e-47
438.25 9.25554286079e-47
438.5 9.26967189608e-47
438.75 9.28380095627e-47
439 9.29792999709e-47
439.25 9.31205897435e-47
439.5 9.32618784397e-47
439.75 9.34031656197e-47
440 9.35444508447e-47
440.25 9.36857336773e-47
440.5 9.38270136807e-47
440.75 9.39682904196e-47
441 9.41095634599e-47
441.25 9.42508323684e-47
441.5 9.43920967134e-47
441.75 9.45333560644e-47
442 9.46746099923e-47
442.25 9.48158580692e-47
442.5 9.49570998686e-47
442.75 9.50983349656e-47
443 9.52395629365e-47
443.25 9.53807833594e-47
443.5 9.55219958137e-47
443.75 9.56631998806e-47
444 9.58043951426e-47
444.25 9.59455811843e-47
444.5 9.60867575917e-47
444.75 9.62279239528e-47
445 9.63690798572e-47
445.25 9.65102248966e-47
445.5 9.66513586645e-47
445.75 9.67924807564e-47
446 9.693359077e-47
446.25 9.70746883047e-47
446.5 9.72157729624e-47
446.75 9.73568443473e-47
447 9.74979020654e-47
447.25 9.76389457257e-47
447.5 9.7779974939e-47
447.75 9.7920989319e-47
448 9.80619884818e-47
448.25 9.82029720461e-47
448.5 9.83439396335e-47
448.75 9.84848908681e-47
449 9.86258253771e-47
449.25 9.87667427905e-47
449.5 9.89076427416e-47
449.75 9.90485248664e-47
450 9.91893888046e-47
450.25 9.93302341989e-47
450.5 9.94710606956e-47
450.75 9.96118679445e-47
451 9.97526555989e-47
451.25 9.9893423316e-47
451.5 1.00034170757e-46
451.75 1.00174897586e-46
452 1.00315603474e-46
452.25 1.00456288092e-46
452.5 1.0059695112e-46
452.75 1.00737592239e-46
453 1.00878211135e-46
453.25 1.01018807502e-46
453.5 1.01159381034e-46
453.75 1.01299931435e-46
454 1.01440458411e-46
454.25 1.01580961674e-46
454.5 1.01721440943e-46
454.75 1.01861895942e-46
455 1.020023264e-46
455.25 1.02142732053e-46
455.5 1.02283112645e-46
455.75 1.02423467924e-46
456 1.02563797646e-46
456.25 1.02704101575e-46
456.5 1.0284437948e-46
456.75 1.0298463114e-46
457 1.03124856341e-46
457.25 1.03265054876e-46
457.5 1.03405226549e-46
457.75 1.03545371169e-46
458 1.03685488558e-46
458.25 1.03825578544e-46
458.5 1.03965640968e-46
458.75 1.04105675676e-46
459 1.04245682531e-46
459.25 1.043856614e-46
459.5 1.04525612167e-46
459.75 1.04665534724e-46
460 1.04805428976e-46
460.25 1.0494529484e-46
460.5 1.05085132246e-46
460.75 1.0522494114e-46
461 1.05364721477e-46
461.25 1.05504473231e-46
461.5 1.05644196389e-46
461.75 1.05783890953e-46
462 1.05923556942e-46
462.25 1.06063194393e-46
462.5 1.06202803359e-46
462.75 1.06342383912e-46
463 1.06481936141e-46
463.25 1.06621460159e-46
463.5 1.06760956096e-46
463.75 1.06900424103e-46
464 1.07039864357e-46
464.25 1.07179277055e-46
464.5 1.07318662419e-46
464.75 1.07458020696e-46
465 1.07597352161e-46
465.25 1.07736657114e-46
465.5 1.07875935885e-46
465.75 1.08015188834e-46
466 1.08154416352e-46
466.25 1.08293618862e-46
466.5 1.08432796821e-46
466.75 1.08571950723e-46
467 1.08711081097e-46
467.25 1.08850188513e-46
467.5 1.08989273579e-46
467.75 1.09128336949e-46
468 1.09267379318e-46
468.25 1.09406401429e-46
468.5 1.09545404074e-46
468.75 1.09684388096e-46
469 1.09823354391e-46
469.25 1.09962303912e-46
469.5 1.1010123767e-46
469.75 1.10240156737e-46
470 1.10379062252e-46
470.25 1.1051795542e-46
470.5 1.10656837518e-46
470.75 1.10795709898e-46
471 1.10934573992e-46
471.25 1.11073431313e-46
471.5 1.11212283462e-46
471.75 1.11351132133e-46
472 1.11489979114e-46
472.25 1.11628826297e-46
472.5 1.11767675681e-46
472.75 1.11906529377e-46
473 1.12045389616e-46
473.25 1.12184258755e-46
473.5 1.12323139283e-46
473.75 1.12462033829e-46
474 1.12600945172e-46
474.25 1.12739876246e-46
474.5 1.1287883015e-46
474.75 1.1301781016e-46
475 1.13156819736e-46
475.25 1.13295862536e-46
475.5 1.13434942425e-46
475.75 1.13574063488e-46
476 1.13713230048e-46
476.25 1.13852446672e-46
476.5 1.13991718193e-46
476.75 1.14129804682e-46
477 1.14267813706e-46
477.25 1.14405827246e-46
477.5 1.14543848007e-46
477.75 1.14681878858e-46
478 1.14819922842e-46
478.25 1.14957983186e-46
478.5 1.15096063315e-46
478.75 1.15234166864e-46
479 1.15372297691e-46
479.25 1.15510459895e-46
479.5 1.15648657828e-46
479.75 1.15786896116e-46
480 1.15925179676e-46
480.25 1.16063513736e-46
480.5 1.1620190386e-46
480.75 1.16340355968e-46
481 1.16478876366e-46
481.25 1.16617471772e-46
481.5 1.16756149347e-46
481.75 1.16894916729e-46
482 1.17033782071e-46
482.25 1.17172754076e-46
482.5 1.17311842046e-46
482.75 1.17451055928e-46
483 1.17590406362e-46
483.25 1.17729904746e-46
483.5 1.17869563291e-46
483.75 1.18009395092e-46
484 1.18149414207e-46
484.25 1.18289635735e-46
484.5 1.18430075914e-46
484.75 1.18570752214e-46
485 1.18711683457e-46
485.25 1.18852889939e-46
485.5 1.18994393564e-46
485.75 1.19136218004e-46
486 1.19278388861e-46
486.25 1.19420933865e-46
486.5 1.19563883082e-46
486.75 1.1970726915e-46
487 1.19851127547e-46
487.25 1.19995496891e-46
487.5 1.20140419272e-46
487.75 1.20285940632e-46
488 1.20432111194e-46
488.25 1.20578985943e-46
488.5 1.20726625179e-46
488.75 1.2087509514e-46
489 1.21024468709e-46
489.25 1.21174826239e-46
489.5 1.21326256472e-46
489.75 1.21478857622e-46
490 1.21632738601e-46
490.25 1.21788020451e-46
490.5 1.21944837996e-46
490.75 1.22103341763e-46
491 1.22263700229e-46
491.25 1.22426102447e-46
491.5 1.2259076113e-46
491.75 1.22757916302e-46
492 1.22927839602e-46
492.25 1.2310083942e-46
492.5 1.23277267028e-46
492.75 1.23457523936e-46
493 1.23642070765e-46
493.25 1.23831438014e-46
493.5 1.2402623917e-46
493.75 1.24227186805e-46
494 1.24435112416e-46
494.25 1.24650991078e-46
494.5 1.24875972267e-46
494.75 1.25111418701e-46
495 1.25358955656e-46
495.25 1.25620534134e-46
495.5 1.25898512509e-46
495.75 1.26195763089e-46
496 1.26515812708e-46
496.25 1.26863030325e-46
496.5 1.27242880536e-46
496.75 1.27662270828e-46
497 1.28130034432e-46
497.25 1.28657612838e-46
497.5 1.29260038265e-46
497.75 1.29957376811e-46
498 1.3077689682e-46
498.25 1.317564111e-46
498.5 1.32949579816e-46
498.75 1.34434608181e-46
499 1.36329071097e-46
499.25 1.38816344896e-46
499.5 1.42195328023e-46
499.75 1.46980240289e-46
500 1.54117698539e-46
500.25 1.65509792631e-46
500.5 1.85457640533e-46
500.75 2.25478946345e-46
501 3.25811696527e-46
501.25 7.17950888508e-46
501.5 7.90100145616e-45
501.75 3.05109914468e-45
502 5.54623345873e-46
502.25 2.90507915775e-46
502.5 2.12826815211e-46
502.75 1.79937750537e-46
503 1.63054740145e-46
503.25 1.53286350549e-46
503.5 1.471555806e-46
503.75 1.43076175403e-46
504 1.40240761678e-46
504.25 1.38413205583e-46
504.5 1.37015576483e-46
504.75 1.36046734928e-46
505 1.35434996487e-46
505.25 1.35166052197e-46
505.5 1.35287530192e-46
505.75 1.35934754407e-46
506 1.37392850399e-46
506.25 1.40234930588e-46
506.5 1.45639624033e-46
506.75 1.56178803678e-46
507 1.78002888195e-46
507.25 2.27936564844e-46
507.5 3.17714746734e-46
507.75 5.73436072427e-46
508 2.24135634785e-45
508.25 6.0086312807e-44
508.5 1.24458384048e-45
508.75 4.51827406175e-46
509 2.81127461806e-46
509.25 2.06224821296e-46
509.5 1.686200879e-46
509.75 1.51565048344e-46
510 1.43096092331e-46
510.25 1.38624055143e-46
510.5 1.36161487038e-46
510.75 1.34769075341e-46
511 1.33972680856e-46
511.25 1.33520387305e-46
511.5 1.33272750788e-46
511.75 1.32749809795e-46
512 1.32840449124e-46
512.25 1.32933171773e-46
512.5 1.33027776777e-46
512.75 1.33124085477e-46
513 1.33221938607e-46
513.25 1.33321193826e-46
513.5 1.33421723598e-46
513.75 1.33523413386e-46
514 1.3362616009e-46
514.25 1.33729870702e-46
514.5 1.33834461141e-46
514.75 1.33939855245e-46
515 1.3404598389e-46
515.25 1.34152784222e-46
515.5 1.34260198986e-46
515.75 1.34368175936e-46
516 1.34476667315e-46
516.25 1.34585629403e-46
516.5 1.34695022108e-46
516.75 1.34804808613e-46
517 1.34914955057e-46
517.25 1.35025430253e-46
517.5 1.35136205437e-46
517.75 1.35247254048e-46
518 1.35358551522e-46
518.25 1.35470075117e-46
518.5 1.35581803751e-46
518.75 1.35693717856e-46
519 1.3580579925e-46
519.25 1.35918031022e-46
519.5 1.36030397419e-46
519.75 1.36142883759e-46
520 1.36255476337e-46
520.25 1.36368162353e-46
520.5 1.36480929836e-46
520.75 1.3659376758e-46
521 1.36706665088e-46
521.25 1.36819612515e-46
521.5 1.3693260062e-46
521.75 1.37045620722e-46
522 1.37158664659e-46
522.25 1.37271724748e-46
522.5 1.37384793756e-46
522.75 1.37497864861e-46
523 1.37610931631e-46
523.25 1.37723987991e-46
523.5 1.37837028201e-46
523.75 1.37950046836e-46
524 1.3806303876e-46
524.25 1.38175999111e-46
524.5 1.38288923281e-46
524.75 1.384018069e-46
525 1.38514645822e-46
525.25 1.38627436108e-46
525.5 1.38740174019e-46
525.75 1.38852855996e-46
526 1.38965478655e-46
526.25 1.39078038773e-46
526.5 1.39190533279e-46
526.75 1.39302672589e-46
527 1.39414105853e-46
527.25 1.39525512532e-46
527.5 1.39636887732e-46
527.75 1.39748226802e-46
528 1.39859525315e-46
528.25 1.39970779062e-46
528.5 1.40081984034e-46
528.75 1.4019313641e-46
529 1.40304232551e-46
529.25 1.40415268985e-46
529.5 1.40526242401e-46
529.75 1.40637149638e-46
530 1.40747987677e-46
530.25 1.40858753635e-46
530.5 1.40969444754e-46
530.75 1.410800584e-46
531 1.41190592049e-46
531.25 1.41301043288e-46
531.5 1.41411409805e-46
531.75 1.41521689387e-46
532 1.41631879912e-46
532.25 1.41741979344e-46
532.5 1.41851985731e-46
532.75 1.41961897202e-46
533 1.42071711958e-46
533.25 1.42181428273e-46
533.5 1.42291044486e-46
533.75 1.42400559005e-46
534 1.42509970296e-46
534.25 1.42619276883e-46
534.5 1.42728477348e-46
534.75 1.42837570324e-46
535 1.42946554496e-46
535.25 1.43055428596e-46
535.5 1.43164191402e-46
535.75 1.43272841737e-46
536 1.43381378466e-46
536.25 1.43489800492e-46
536.5 1.43598106757e-46
536.75 1.43706296241e-46
537 1.43814367958e-46
537.25 1.43922320954e-46
537.5 1.44030154309e-46
537.75 1.44137867133e-46
538 1.44245458564e-46
538.25 1.44352927771e-46
538.5 1.44460273947e-46
538.75 1.44567496312e-46
539 1.4467459411e-46
539.25 1.4478156661e-46
539.5 1.44888413102e-46
539.75 1.44995132899e-46
540 1.45101725336e-46
540.25 1.45208189766e-46
540.5 1.45314525561e-46
540.75 1.45420732115e-46
541 1.45526808836e-46
541.25 1.45632755151e-46
541.5 1.45738570504e-46
541.75 1.45844254353e-46
542 1.45949806174e-46
542.25 1.46055225456e-46
542.5 1.46160511701e-46
542.75 1.46265664429e-46
543 1.46370683167e-46
543.25 1.46475567461e-46
543.5 1.46580316865e-46
543.75 1.46684930947e-46
544 1.46789409284e-46
544.25 1.46893751468e-46
544.5 1.46997957097e-46
544.75 1.47102025783e-46
545 1.47205957147e-46
545.25 1.47309750818e-46
545.5 1.47413406437e-46
545.75 1.47516923651e-46
546 1.47620302118e-46
546.25 1.47723541504e-46
546.5 1.47826641482e-46
546.75 1.47929601734e-46
547 1.4803242195e-46
547.25 1.48135101826e-46
547.5 1.48237641066e-46
547.75 1.48340039383e-46
548 1.48442296492e-46
548.25 1.4854441212e-46
548.5 1.48646385995e-46
548.75 1.48748217857e-46
549 1.48849907446e-46
549.25 1.48951454513e-46
549.5 1.49052858813e-46
549.75 1.49154120104e-46
550 1.49255238152e-46
550.25 1.49356212729e-46
550.5 1.49457043611e-46
550.75 1.49557730577e-46
551 1.49658273413e-46
551.25 1.49758671911e-46
551.5 1.49858925864e-46
551.75 1.49959035073e-46
552 1.50058999341e-46
552.25 1.50158818476e-46
552.5 1.5025849229e-46
552.75 1.50358020601e-46
553 1.50457403227e-46
553.25 1.50556639993e-46
553.5 1.50655730728e-46
553.75 1.50754675262e-46
554 1.50853473431e-46
554.25 1.50952125074e-46
554.5 1.51050630033e-46
554.75 1.51148988153e-46
555 1.51247199284e-46
555.25 1.51345263278e-46
555.5 1.5144317999e-46
555.75 1.51540949279e-46
556 1.51638571006e-46
556.25 1.51736045035e-46
556.5 1.51833371236e-46
556.75 1.51930549477e-46
557 1.52027579632e-46
557.25 1.52124461577e-46
557.5 1.5222119519e-46
557.75 1.52317780354e-46
558 1.52414216953e-46
558.25 1.52510504872e-46
558.5 1.52606644001e-46
558.75 1.52702634232e-46
559 1.52798475459e-46
559.25 1.52894167578e-46
559.5 1.52989710489e-46
559.75 1.53085104092e-46
560 1.53180348293e-46
560.25 1.53275442995e-46
560.5 1.53370388108e-46
560.75 1.53465183541e-46
561 1.53559829208e-46
561.25 1.53654325023e-46
561.5 1.53748670903e-46
561.75 1.53842866766e-46
562 1.53936912534e-46
562.25 1.5403080813e-46
562.5 1.54124553478e-46
562.75 1.54218148506e-46
563 1.54311593143e-46
563.25 1.54404887318e-46
563.5 1.54498030966e-46
563.75 1.54591024021e-46
564 1.54683866419e-46
564.25 1.54776558099e-46
564.5 1.54869099e-46
564.75 1.54961489066e-46
565 1.55053728239e-46
565.25 1.55145816466e-46
565.5 1.55237753693e-46
565.75 1.5532953987e-46
566 1.55421174947e-46
566.25 1.55512658877e-46
566.5 1.55603991614e-46
566.75 1.55695173114e-46
567 1.55786203334e-46
567.25 1.55877082233e-46
567.5 1.55967809773e-46
567.75 1.56058385914e-46
568 1.56148810622e-46
568.25 1.56239083862e-46
568.5 1.563292056e-46
568.75 1.56419175806e-46
569 1.56508994449e-46
569.25 1.56598661501e-46
569.5 1.56688176935e-46
569.75 1.56777540727e-46
570 1.56866752851e-46
570.25 1.56955813287e-46
570.5 1.57044722012e-46
570.75 1.57133479008e-46
571 1.57222084257e-46
571.25 1.57310537741e-46
571.5 1.57398839447e-46
571.75 1.5748698936e-46
572 1.57574987468e-46
572.25 1.57662833761e-46
572.5 1.57750528228e-46
572.75 1.57838070862e-46
573 1.57925461656e-46
573.25 1.58012700605e-46
573.5 1.58099787705e-46
573.75 1.58186722953e-46
574 1.58273506348e-46
574.25 1.5836013789e-46
574.5 1.58446617581e-46
574.75 1.58532945423e-46
575 1.5861912142e-46
575.25 1.58705145579e-46
575.5 1.58791017904e-46
575.75 1.58876738406e-46
576 1.58962307092e-46
576.25 1.59047723973e-46
576.5 1.59132989062e-46
576.75 1.59218102371e-46
577 1.59303063914e-46
577.25 1.59387873709e-46
577.5 1.5947253177e-46
577.75 1.59557038117e-46
578 1.59641392768e-46
578.25 1.59725595746e-46
578.5 1.5980964707e-46
578.75 1.59893546765e-46
579 1.59977294856e-46
579.25 1.60060891366e-46
579.5 1.60144336324e-46
579.75 1.60227629756e-46
580 1.60310771694e-46
580.25 1.60393762166e-46
580.5 1.60476601204e-46
580.75 1.60559288841e-46
581 1.60641825112e-46
581.25 1.60724210051e-46
581.5 1.60806443694e-46
581.75 1.6088852608e-46
582 1.60970457246e-46
582.25 1.61052237233e-46
582.5 1.61133866081e-46
582.75 1.61215343833e-46
583 1.61296670532e-46
583.25 1.61377846223e-46
583.5 1.6145887095e-46
583.75 1.61539744762e-46
584 1.61620467705e-46
584.25 1.61701039829e-46
584.5 1.61781461184e-46
584.75 1.61861731822e-46
585 1.61941851793e-46
585.25 1.62021821153e-46
585.5 1.62101639956e-46
585.75 1.62181308257e-46
586 1.62260826114e-46
586.25 1.62340193584e-46
586.5 1.62419410727e-46
586.75 1.62498477602e-46
587 1.62577394271e-46
587.25 1.62656160796e-46
587.5 1.62734777241e-46
587.75 1.62813243671e-46
588 1.62891560151e-46
588.25 1.62969726747e-46
588.5 1.63047743527e-46
588.75 1.63125610562e-46
589 1.63203327919e-46
589.25 1.63280895671e-46
589.5 1.63358313889e-46
589.75 1.63435582647e-46
590 1.63512702018e-46
590.25 1.63589672079e-46
590.5 1.63666492905e-46
590.75 1.63743164574e-46
591 1.63819687164e-46
591.25 1.63896060755e-46
591.5 1.63972285427e-46
591.75 1.64048361261e-46
592 1.64124288342e-46
592.25 1.64200066751e-46
592.5 1.64275696574e-46
592.75 1.64351177896e-46
593 1.64426510805e-46
593.25 1.64501695387e-46
593.5 1.64576731732e-46
593.75 1.6465161993e-46
594 1.64726360071e-46
594.25 1.64800952248e-46
594.5 1.64875396552e-46
594.75 1.64949693078e-46
595 1.65023841921e-46
595.25 1.65097843177e-46
595.5 1.65171696943e-46
595.75 1.65245403316e-46
596 1.65318962395e-46
596.25 1.6539237428e-46
596.5 1.65465639073e-46
596.75 1.65538756874e-46
597 1.65611727788e-46
597.25 1.65684551917e-46
597.5 1.65757229366e-46
597.75 1.65829760242e-46
598 1.65902144651e-46
598.25 1.65974382701e-46
598.5 1.66046474501e-46
598.75 1.6611842016e-46
599 1.66190219788e-46
599.25 1.66261873499e-46
599.5 1.66333381404e-46
599.75 1.66404743616e-46
600 1.66475960251e-46
600.25 1.66547031424e-46
600.5 1.66617957252e-46
600.75 1.66688737851e-46
601 1.6675937334e-46
601.25 1.66829863839e-46
601.5 1.66900209467e-46
601.75 1.66970410346e-46
602 1.6704026828e-46
602.25 1.6711018322e-46
602.5 1.67179953727e-46
602.75 1.67249579926e-46
603 1.67319061944e-46
603.25 1.67388399909e-46
603.5 1.67457593949e-46
603.75 1.67526644194e-46
604 1.67595550775e-46
604.25 1.67664313823e-46
604.5 1.6773293347e-46
604.75 1.67801409849e-46
605 1.67869743095e-46
605.25 1.67937933342e-46
605.5 1.68005980727e-46
605.75 1.68073885386e-46
606 1.68141647457e-46
606.25 1.68209267078e-46
606.5 1.68276744389e-46
606.75 1.6834407953e-46
607 1.68411272643e-46
607.25 1.68478323869e-46
607.5 1.68545233351e-46
607.75 1.68612001235e-46
608 1.68678627663e-46
608.25 1.68745112782e-46
608.5 1.68811456738e-46
608.75 1.68877659679e-46
609 1.68943721753e-46
609.25 1.69009643109e-46
609.5 1.69075423897e-46
609.75 1.69141064268e-46
610 1.69206564373e-46
610.25 1.69271924366e-46
610.5 1.69337144399e-46
610.75 1.69402224627e-46
611 1.69467165205e-46
611.25 1.69531966289e-46
611.5 1.69596628036e-46
611.75 1.69661150603e-46
612 1.6972553415e-46
612.25 1.69789778834e-46
612.5 1.69853884818e-46
612.75 1.69917852261e-46
613 1.69981681326e-46
613.25 1.70045372176e-46
613.5 1.70108924973e-46
613.75 1.70172339883e-46
614 1.7023561707e-46
614.25 1.70298756701e-46
614.5 1.70361758943e-46
614.75 1.70424623963e-46
615 1.7048735193e-46
615.25 1.70549943014e-46
615.5 1.70612397384e-46
615.75 1.70674715211e-46
616 1.70736896668e-46
616.25 1.70798941927e-46
616.5 1.70860851161e-46
616.75 1.70922624545e-46
617 1.70984262254e-46
617.25 1.71045764463e-46
617.5 1.7110713135e-46
617.75 1.71168363091e-46
618 1.71229459866e-46
618.25 1.71290421853e-46
618.5 1.71351249232e-46
618.75 1.71411942184e-46
619 1.7147250089e-46
619.25 1.71532925533e-46
619.5 1.71593216295e-46
619.75 1.7165337336e-46
620 1.71713396914e-46
620.25 1.71773287141e-46
620.5 1.71833044227e-46
620.75 1.7189266836e-46
621 1.71952159728e-46
621.25 1.72011518518e-46
621.5 1.7207074492e-46
621.75 1.72129839124e-46
622 1.72188801321e-46
622.25 1.72247631703e-46
622.5 1.72306330462e-46
622.75 1.7236489779e-46
623 1.72423333883e-46
623.25 1.72481638934e-46
623.5 1.72539813139e-46
623.75 1.72597856694e-46
624 1.72655769796e-46
624.25 1.72713552642e-46
624.5 1.72771205432e-46
624.75 1.72828728364e-46
625 1.72886121637e-46
625.25 1.72943385454e-46
625.5 1.73000520014e-46
625.75 1.7305752552e-46
626 1.73114402176e-46
626.25 1.73171150184e-46
626.5 1.73227769749e-46
626.75 1.73284261076e-46
627 1.7334062437e-46
627.25 1.73396859839e-46
627.5 1.7345296769e-46
627.75 1.73508948129e-46
628 1.73564801367e-46
628.25 1.73620527612e-46
628.5 1.73676127075e-46
628.75 1.73731599966e-46
629 1.73786946497e-46
629.25 1.7384216688e-46
629.5 1.73897261329e-46
629.75 1.73952230056e-46
630 1.74007073276e-46
630.25 1.74061791205e-46
630.5 1.74116384058e-46
630.75 1.74170852051e-46
631 1.74225195401e-46
631.25 1.74279414328e-46
631.5 1.74333509048e-46
631.75 1.74387479781e-46
632 1.74441326748e-46
632.25 1.74495050169e-46
632.5 1.74548650265e-46
632.75 1.74602127258e-46
633 1.74655481371e-46
633.25 1.74708712827e-46
633.5 1.7476182185e-46
633.75 1.74814808666e-46
634 1.74867673499e-46
634.25 1.74920416575e-46
634.5 1.74973038121e-46
634.75 1.75025538365e-46
635 1.75077917534e-46
635.25 1.75130175858e-46
635.5 1.75182313565e-46
635.75 1.75234330886e-46
636 1.75286228051e-46
636.25 1.75338005292e-46
636.5 1.75389662841e-46
636.75 1.75441200931e-46
637 1.75492619794e-46
637.25 1.75543919665e-46
637.5 1.75595100778e-46
637.75 1.75646163369e-46
638 1.75697107673e-46
638.25 1.75747933927e-46
638.5 1.75798642369e-46
638.75 1.75849233235e-46
639 1.75899706765e-46
639.25 1.75950063198e-46
639.5 1.76000302773e-46
639.75 1.7605042573e-46
640 1.76100432311e-46
640.25 1.76150322757e-46
640.5 1.7620009731e-46
640.75 1.76249756213e-46
641 1.7629929971e-46
641.25 1.76348728045e-46
641.5 1.76398041462e-46
641.75 1.76447240207e-46
642 1.76496324526e-46
642.25 1.76545294664e-46
642.5 1.7659415087e-46
642.75 1.76642893391e-46
643 1.76691522475e-46
643.25 1.76740038371e-46
643.5 1.7678844133e-46
643.75 1.768367316e-46
644 1.76884909433e-46
644.25 1.76932975079e-46
644.5 1.76980928792e-46
644.75 1.77028770824e-46
645 1.77076501426e-46
645.25 1.77124120855e-46
645.5 1.77171629362e-46
645.75 1.77219027204e-46
646 1.77266314636e-46
646.25 1.77313491914e-46
646.5 1.77360559294e-46
646.75 1.77407517034e-46
647 1.77454365391e-46
647.25 1.77501104624e-46
647.5 1.77547734992e-46
647.75 1.77594256753e-46
648 1.77640670169e-46
648.25 1.77686975499e-46
648.5 1.77733173005e-46
648.75 1.77779262949e-46
649 1.77825245593e-46
649.25 1.77871121199e-46
649.5 1.77916890031e-46
649.75 1.77962552353e-46
650 1.7800810843e-46
650.25 1.78053558526e-46
650.5 1.78098902907e-46
650.75 1.78144141839e-46
651 1.7818927559e-46
651.25 1.78234304425e-46
651.5 1.78279228614e-46
651.75 1.78324048423e-46
652 1.78368764123e-46
652.25 1.78413375982e-46
652.5 1.78457884271e-46
652.75 1.78502289259e-46
653 1.78546591218e-46
653.25 1.78590790419e-46
653.5 1.78634887135e-46
653.75 1.78678881637e-46
654 1.787227742e-46
654.25 1.78766565096e-46
654.5 1.78810254599e-46
654.75 1.78853842985e-46
655 1.78897330528e-46
655.25 1.78940717505e-46
655.5 1.7898400419e-46
655.75 1.79027190862e-46
656 1.79070277796e-46
656.25 1.79113265272e-46
656.5 1.79156153567e-46
656.75 1.79198942959e-46
657 1.79241633729e-46
657.25 1.79284226155e-46
657.5 1.79326720518e-46
657.75 1.79369117099e-46
658 1.79411416178e-46
658.25 1.79453618038e-46
658.5 1.79495722961e-46
658.75 1.79537731229e-46
659 1.79579643126e-46
659.25 1.79621458936e-46
659.5 1.79663178941e-46
659.75 1.79704803428e-46
660 1.7974633268e-46
660.25 1.79787766985e-46
660.5 1.79829106627e-46
660.75 1.79870351893e-46
661 1.79911503071e-46
661.25 1.79952560448e-46
661.5 1.79993524311e-46
661.75 1.8003439495e-46
662 1.80075172652e-46
662.25 1.80115857709e-46
662.5 1.80156450408e-46
662.75 1.80196951041e-46
663 1.80237359898e-46
663.25 1.80277677271e-46
663.5 1.80317903451e-46
663.75 1.80358038731e-46
664 1.80398083402e-46
664.25 1.80438037758e-46
664.5 1.80477902093e-46
664.75 1.805176767e-46
665 1.80557361874e-46
665.25 1.8059695791e-46
665.5 1.80636465102e-46
665.75 1.80675883747e-46
666 1.80715214141e-46
666.25 1.8075445658e-46
666.5 1.80793611361e-46
666.75 1.80832678783e-46
667 1.80871659142e-46
667.25 1.80910552737e-46
667.5 1.80949359868e-46
667.75 1.80988080832e-46
668 1.8102671593e-46
668.25 1.81065265462e-46
668.5 1.81103729728e-46
668.75 1.8114210903e-46
669 1.81180403668e-46
669.25 1.81218613945e-46
669.5 1.81256740162e-46
669.75 1.81294782622e-46
670 1.81332741629e-46
670.25 1.81370617485e-46
670.5 1.81408410495e-46
670.75 1.81446120962e-46
671 1.81483749192e-46
671.25 1.81521295489e-46
671.5 1.81558760159e-46
671.75 1.81596143509e-46
672 1.81633445843e-46
672.25 1.81670667469e-46
672.5 1.81707808695e-46
672.75 1.81744869826e-46
673 1.81781851173e-46
673.25 1.81818753042e-46
673.5 1.81855575742e-46
673.75 1.81892319583e-46
674 1.81928984874e-46
674.25 1.81965571925e-46
674.5 1.82002081046e-46
674.75 1.82038512548e-46
675 1.82074866742e-46
675.25 1.82111143939e-46
675.5 1.82147344451e-46
675.75 1.82183468591e-46
676 1.82219516671e-46
676.25 1.82255489003e-46
676.5 1.82291385902e-46
676.75 1.82327207681e-46
677 1.82362954654e-46
677.25 1.82398627136e-46
677.5 1.82434225441e-46
677.75 1.82469749884e-46
678 1.82505200782e-46
678.25 1.8254057845e-46
678.5 1.82575883205e-46
678.75 1.82611115363e-46
679 1.82646275241e-46
679.25 1.82681363157e-46
679.5 1.82716379428e-46
679.75 1.82751324373e-46
680 1.8278619831e-46
680.25 1.82821001559e-46
680.5 1.82855734437e-46
680.75 1.82890397266e-46
681 1.82924990364e-46
681.25 1.82959514052e-46
681.5 1.82993968651e-46
681.75 1.83028354482e-46
682 1.83062671866e-46
682.25 1.83096921124e-46
682.5 1.8313110258e-46
682.75 1.83165216554e-46
683 1.83199263371e-46
683.25 1.83233243352e-46
683.5 1.83267156822e-46
683.75 1.83301004104e-46
684 1.83334785523e-46
684.25 1.83368501402e-46
684.5 1.83402152067e-46
684.75 1.83435737842e-46
685 1.83469259053e-46
685.25 1.83502716026e-46
685.5 1.83536109087e-46
685.75 1.83569438563e-46
686 1.83602704779e-46
686.25 1.83635908064e-46
686.5 1.83669048744e-46
686.75 1.83702127148e-46
687 1.83735143604e-46
687.25 1.83768098439e-46
687.5 1.83800991983e-46
687.75 1.83833824565e-46
688 1.83866596513e-46
688.25 1.83899308159e-46
688.5 1.83931959831e-46
688.75 1.8396455186e-46
689 1.83997084577e-46
689.25 1.84029558313e-46
689.5 1.84061973399e-46
689.75 1.84094330166e-46
690 1.84126628946e-46
690.25 1.84158870073e-46
690.5 1.84191053877e-46
690.75 1.84223180692e-46
691 1.84255250852e-46
691.25 1.84287264689e-46
691.5 1.84319222537e-46
691.75 1.8435112473e-46
692 1.84382971603e-46
692.25 1.84414763491e-46
692.5 1.84446500727e-46
692.75 1.84478183649e-46
693 1.8450981259e-46
693.25 1.84541387887e-46
693.5 1.84572909876e-46
693.75 1.84604378894e-46
694 1.84635795277e-46
694.25 1.84667159362e-46
694.5 1.84698471486e-46
694.75 1.84729731988e-46
695 1.84760941205e-46
695.25 1.84792099476e-46
695.5 1.84823207138e-46
695.75 1.8485426453e-46
696 1.84885271992e-46
696.25 1.84916229863e-46
696.5 1.84947138483e-46
696.75 1.84977998191e-46
697 1.85008809328e-46
697.25 1.85039572234e-46
697.5 1.85070287249e-46
697.75 1.85100954716e-46
698 1.85131574975e-46
698.25 1.85162148368e-46
698.5 1.85192675237e-46
698.75 1.85223155923e-46
699 1.8525359077e-46
699.25 1.8528398012e-46
699.5 1.85314324315e-46
699.75 1.85344623701e-46
700 1.85374878618e-46
700.25 1.85405089413e-46
700.5 1.85435256428e-46
700.75 1.85465380008e-46
701 1.85495460497e-46
701.25 1.85525498241e-46
701.5 1.85555493585e-46
701.75 1.85585446874e-46
702 1.85615358453e-46
702.25 1.85645228669e-46
702.5 1.85675057867e-46
702.75 1.85704846395e-46
703 1.85734594599e-46
703.25 1.85764302826e-46
703.5 1.85793971423e-46
703.75 1.85823600738e-46
704 1.85853191119e-46
704.25 1.85882742913e-46
704.5 1.85912256468e-46
704.75 1.85941732134e-46
705 1.8597117026e-46
705.25 1.86000571193e-46
705.5 1.86029935284e-46
705.75 1.86059262883e-46
706 1.86088554338e-46
706.25 1.8611781e-46
706.5 1.8614703022e-46
706.75 1.86176215347e-46
707 1.86205365733e-46
707.25 1.86234481729e-46
707.5 1.86263563686e-46
707.75 1.86292611956e-46
708 1.86321626891e-46
708.25 1.86350608842e-46
708.5 1.86379558162e-46
708.75 1.86408475203e-46
709 1.86437360319e-46
709.25 1.86466213862e-46
709.5 1.86495036186e-46
709.75 1.86523827644e-46
710 1.8655258859e-46
710.25 1.86581319378e-46
710.5 1.86610020363e-46
710.75 1.86638691898e-46
711 1.86667334339e-46
711.25 1.8669594804e-46
711.5 1.86724533358e-46
711.75 1.86753090646e-46
712 1.86781620262e-46
712.25 1.8681012256e-46
712.5 1.86838597898e-46
712.75 1.86867046632e-46
713 1.86895469117e-46
713.25 1.86923865712e-46
713.5 1.86952236773e-46
713.75 1.86980582658e-46
714 1.87008903724e-46
714.25 1.87037200329e-46
714.5 1.87065472831e-46
714.75 1.87093721589e-46
715 1.87121946961e-46
715.25 1.87150149305e-46
715.5 1.87178328982e-46
715.75 1.87206486349e-46
716 1.87234621767e-46
716.25 1.87262735595e-46
716.5 1.87290828194e-46
716.75 1.87318899922e-46
717 1.87346951141e-46
717.25 1.87374982212e-46
717.5 1.87402993495e-46
717.75 1.87430985351e-46
718 1.87458958141e-46
718.25 1.87486912227e-46
718.5 1.87514847972e-46
718.75 1.87542765736e-46
719 1.87570665881e-46
719.25 1.87598548772e-46
719.5 1.87626414769e-46
719.75 1.87654264236e-46
720 1.87682097537e-46
720.25 1.87709915033e-46
720.5 1.8773771709e-46
720.75 1.8776550407e-46
721 1.87793276339e-46
721.25 1.87821034259e-46
721.5 1.87848778195e-46
721.75 1.87876508512e-46
722 1.87904225576e-46
722.25 1.8793192975e-46
722.5 1.87959621401e-46
722.75 1.87987300894e-46
723 1.88014968595e-46
723.25 1.88042624869e-46
723.5 1.88070270084e-46
723.75 1.88097904605e-46
724 1.88125528798e-46
724.25 1.88153143032e-46
724.5 1.88180747673e-46
724.75 1.88208343089e-46
725 1.88235929646e-46
725.25 1.88263507713e-46
725.5 1.88291077658e-46
725.75 1.88318639849e-46
726 1.88346194654e-46
726.25 1.88373742442e-46
726.5 1.88401283582e-46
726.75 1.88428818443e-46
727 1.88456347395e-46
727.25 1.88483870806e-46
727.5 1.88511389046e-46
727.75 1.88538902486e-46
728 1.88566411495e-46
728.25 1.88593916445e-46
728.5 1.88621417705e-46
728.75 1.88648915647e-46
729 1.88676410641e-46
729.25 1.88703903059e-46
729.5 1.88731393272e-46
729.75 1.88758881652e-46
730 1.88786368571e-46
730.25 1.888138544e-46
730.5 1.88841339514e-46
730.75 1.88868824283e-46
731 1.8889630908e-46
731.25 1.8892379428e-46
731.5 1.88951280254e-46
731.75 1.88978767377e-46
732 1.89006256022e-46
732.25 1.89033746562e-46
732.5 1.89061239373e-46
732.75 1.89088734828e-46
733 1.89116233302e-46
733.25 1.89143735169e-46
733.5 1.89171240805e-46
733.75 1.89198750584e-46
734 1.89226264883e-46
734.25 1.89253784076e-46
734.5 1.8928130854e-46
734.75 1.8930883865e-46
735 1.89336374784e-46
735.25 1.89363917316e-46
735.5 1.89391466625e-46
735.75 1.89419023087e-46
736 1.89446587079e-46
736.25 1.89474158978e-46
736.5 1.89501739163e-46
736.75 1.8952932801e-46
737 1.89556925899e-46
737.25 1.89584533206e-46
737.5 1.89612150312e-46
737.75 1.89639777593e-46
738 1.8966741543e-46
738.25 1.89695064201e-46
738.5 1.89722724286e-46
738.75 1.89750396064e-46
739 1.89778079915e-46
739.25 1.89805776219e-46
739.5 1.89833485356e-46
739.75 1.89861207708e-46
740 1.89888943653e-46
740.25 1.89916693574e-46
740.5 1.89944457851e-46
740.75 1.89972236866e-46
741 1.90000031001e-46
741.25 1.90027840636e-46
741.5 1.90055666155e-46
741.75 1.90083507939e-46
742 1.90111366371e-46
742.25 1.90139241833e-46
742.5 1.90167134709e-46
742.75 1.90195045381e-46
743 1.90222974234e-46
743.25 1.90250921649e-46
743.5 1.90278888013e-46
743.75 1.90306873707e-46
744 1.90334879117e-46
744.25 1.90362904628e-46
744.5 1.90390950623e-46
744.75 1.90419017488e-46
745 1.90447105608e-46
745.25 1.90475215368e-46
745.5 1.90503347155e-46
745.75 1.90531501353e-46
746 1.9055967835e-46
746.25 1.90587878531e-46
746.5 1.90616102283e-46
746.75 1.90644349992e-46
747 1.90672622047e-46
747.25 1.90700918833e-46
747.5 1.90729240739e-46
747.75 1.90757588152e-46
748 1.9078596146e-46
748.25 1.90814361052e-46
748.5 1.90842787316e-46
748.75 1.9087124064e-46
749 1.90899721414e-46
749.25 1.90928230026e-46
749.5 1.90956766866e-46
749.75 1.90985332324e-46
750 1.91013926789e-46
750.25 1.91042550652e-46
750.5 1.91071204303e-46
750.75 1.91099888132e-46
751 1.91128602531e-46
751.25 1.9115734789e-46
751.5 1.911861246e-46
751.75 1.91214933054e-46
752 1.91243773643e-46
752.25 1.91272646759e-46
752.5 1.91301552794e-46
752.75 1.91330492141e-46
753 1.91359465193e-46
753.25 1.91388472342e-46
753.5 1.91417513982e-46
753.75 1.91446590507e-46
754 1.9147570231e-46
754.25 1.91504849785e-46
754.5 1.91534033327e-46
754.75 1.91563253329e-46
755 1.91592510188e-46
755.25 1.91621804297e-46
755.5 1.91651136053e-46
755.75 1.9168050585e-46
756 1.91709914084e-46
756.25 1.91739361152e-46
756.5 1.91768847449e-46
756.75 1.91798373373e-46
757 1.9182793932e-46
757.25 1.91857545687e-46
757.5 1.91887192872e-46
757.75 1.91916881272e-46
758 1.91946611285e-46
758.25 1.91976383308e-46
758.5 1.92006197742e-46
758.75 1.92036054983e-46
759 1.92065955431e-46
759.25 1.92095899486e-46
759.5 1.92125887546e-46
759.75 1.92155920012e-46
760 1.92185997282e-46
760.25 1.92216119759e-46
760.5 1.92246287841e-46
760.75 1.9227650193e-46
761 1.92306762427e-46
761.25 1.92337069734e-46
761.5 1.92367424251e-46
761.75 1.92397826381e-46
762 1.92428276526e-46
762.25 1.92458775088e-46
762.5 1.9248932247e-46
762.75 1.92519919075e-46
763 1.92550565306e-46
763.25 1.92581261567e-46
763.5 1.92612008262e-46
763.75 1.92642805795e-46
764 1.92673654569e-46
764.25 1.92704554991e-46
764.5 1.92735507464e-46
764.75 1.92766512395e-46
765 1.92797570188e-46
765.25 1.92828681249e-46
765.5 1.92859845985e-46
765.75 1.92891064802e-46
766 1.92922338106e-46
766.25 1.92953666306e-46
766.5 1.92985049807e-46
766.75 1.93016489018e-46
767 1.93047984346e-46
767.25 1.930795362e-46
767.5 1.93111144988e-46
767.75 1.93142811119e-46
768 1.93174535002e-46
768.25 1.93206317046e-46
768.5 1.93238157661e-46
768.75 1.93270057257e-46
769 1.93302016245e-46
769.25 1.93334035034e-46
769.5 1.93366114037e-46
769.75 1.93398253663e-46
770 1.93430454326e-46
770.25 1.93462716435e-46
770.5 1.93495040405e-46
770.75 1.93527426646e-46
771 1.93559875573e-46
771.25 1.93592387597e-46
771.5 1.93624963133e-46
771.75 1.93657602594e-46
772 1.93690306394e-46
772.25 1.93723074949e-46
772.5 1.93755908671e-46
772.75 1.93788807977e-46
773 1.93821773282e-46
773.25 1.93854805001e-46
773.5 1.93887903551e-46
773.75 1.93921069348e-46
774 1.93954302809e-46
774.25 1.9398760435e-46
774.5 1.94020974389e-46
774.75 1.94054413344e-46
775 1.94087921632e-46
775.25 1.94121499673e-46
775.5 1.94155147885e-46
775.75 1.94188866686e-46
776 1.94222656497e-46
776.25 1.94256517736e-46
776.5 1.94290450825e-46
776.75 1.94324456183e-46
777 1.94358534232e-46
777.25 1.94392685392e-46
777.5 1.94426910085e-46
777.75 1.94461208733e-46
778 1.94495581758e-46
778.25 1.94530029583e-46
778.5 1.9456455263e-46
778.75 1.94599151322e-46
779 1.94633826085e-46
779.25 1.9466857734e-46
779.5 1.94703405514e-46
779.75 1.94738311029e-46
780 1.94773294313e-46
780.25 1.94808355789e-46
780.5 1.94843495885e-46
780.75 1.94878715025e-46
781 1.94914013638e-46
781.25 1.94949392149e-46
781.5 1.94984850986e-46
781.75 1.95020390576e-46
782 1.95056011349e-46
782.25 1.95091713732e-46
782.5 1.95127498154e-46
782.75 1.95163365045e-46
783 1.95199314833e-46
783.25 1.9523534795e-46
783.5 1.95271464826e-46
783.75 1.9530766589e-46
784 1.95343951576e-46
784.25 1.95380322313e-46
784.5 1.95416778535e-46
784.75 1.95453320673e-46
785 1.95489949161e-46
785.25 1.95526664432e-46
785.5 1.95563466919e-46
785.75 1.95600357056e-46
786 1.95637335278e-46
786.25 1.95674402019e-46
786.5 1.95711557715e-46
786.75 1.95748802802e-46
787 1.95786137715e-46
787.25 1.95823562892e-46
787.5 1.95861078768e-46
787.75 1.95898685782e-46
788 1.95936384371e-46
788.25 1.95974174974e-46
788.5 1.96012058028e-46
788.75 1.96050033974e-46
789 1.9608810325e-46
789.25 1.96126266297e-46
789.5 1.96164523555e-46
789.75 1.96202875464e-46
790 1.96241322466e-46
790.25 1.96279865003e-46
790.5 1.96318503516e-46
790.75 1.96357238449e-46
791 1.96396070244e-46
791.25 1.96434999345e-46
791.5 1.96474026196e-46
791.75 1.9651315124e-46
792 1.96552374924e-46
792.25 1.96591697692e-46
792.5 1.9663111999e-46
792.75 1.96670642263e-46
793 1.9671026496e-46
793.25 1.96749988527e-46
793.5 1.96789813412e-46
793.75 1.96829740062e-46
794 1.96869768926e-46
794.25 1.96909900454e-46
794.5 1.96950135095e-46
794.75 1.96990473298e-46
795 1.97030915515e-46
795.25 1.97071462196e-46
795.5 1.97112113792e-46
795.75 1.97152870756e-46
796 1.9719373354e-46
796.25 1.97234702598e-46
796.5 1.97275778381e-46
796.75 1.97320693301e-46
797 1.97362008677e-46
797.25 1.9740343232e-46
797.5 1.97444964687e-46
797.75 1.97486606235e-46
798 1.97528357421e-46
798.25 1.97570218705e-46
798.5 1.97612190545e-46
798.75 1.97665515561e-46
799 1.97707784398e-46
799.25 1.97750165702e-46
799.5 1.9779265994e-46
799.75 1.97835267576e-46
800 1.97877989078e-46
800.25 1.97920824912e-46
800.5 1.97963775545e-46
800.75 1.98006841445e-46
801 1.98050023082e-46
801.25 1.98093320923e-46
801.5 1.9813673544e-46
801.75 1.98180267103e-46
802 1.98223916382e-46
802.25 1.98267683748e-46
802.5 1.98311569676e-46
802.75 1.98355574636e-46
803 1.98399699102e-46
803.25 1.9844394355e-46
803.5 1.98488308452e-46
803.75 1.98532794285e-46
804 1.98577401524e-46
804.25 1.98622130646e-46
804.5 1.98666982127e-46
804.75 1.98711956447e-46
805 1.98757054083e-46
805.25 1.98802275514e-46
805.5 1.9884762122e-46
805.75 1.98893091682e-46
806 1.9893868738e-46
806.25 1.98984408795e-46
806.5 1.99030256411e-46
806.75 1.99076230711e-46
807 1.99122332177e-46
807.25 1.99168561294e-46
807.5 1.99214918547e-46
807.75 1.99261404423e-46
808 1.99308019406e-46
808.25 1.99354763984e-46
808.5 1.99401638645e-46
808.75 1.99448643877e-46
809 1.9949578017e-46
809.25 1.99543048012e-46
809.5 1.99590447894e-46
809.75 1.99637980308e-46
810 1.99685645746e-46
810.25 1.99733444699e-46
810.5 1.99781377661e-46
810.75 1.99829445127e-46
811 1.9987764759e-46
811.25 1.99925985546e-46
811.5 1.99974459492e-46
811.75 2.00023069924e-46
812 2.00071817339e-46
812.25 2.00120702237e-46
812.5 2.00169725116e-46
812.75 2.00218886476e-46
813 2.00268186818e-46
813.25 2.00317626643e-46
813.5 2.00367206452e-46
813.75 2.0041692675e-46
814 2.00466788039e-46
814.25 2.00516790824e-46
814.5 2.00566935609e-46
814.75 2.00617222902e-46
815 2.00667653208e-46
815.25 2.00718227035e-46
815.5 2.00768944891e-46
815.75 2.00819807286e-46
816 2.00870814729e-46
816.25 2.00921967731e-46
816.5 2.00973266803e-46
816.75 2.01024712457e-46
817 2.01076305207e-46
817.25 2.01128045567e-46
817.5 2.0117993405e-46
817.75 2.01231971174e-46
818 2.01284157453e-46
818.25 2.01336493405e-46
818.5 2.01388979549e-46
818.75 2.01441616403e-46
819 2.01494404486e-46
819.25 2.0154734432e-46
819.5 2.01600436426e-46
819.75 2.01653681326e-46
820 2.01707079542e-46
820.25 2.017606316e-46
820.5 2.01814338024e-46
820.75 2.0186819934e-46
821 2.01922216074e-46
821.25 2.01976388754e-46
821.5 2.02030717908e-46
821.75 2.02085204065e-46
822 2.02139847757e-46
822.25 2.02194649513e-46
822.5 2.02249609866e-46
822.75 2.02304729349e-46
823 2.02360008495e-46
823.25 2.0241544784e-46
823.5 2.02471047919e-46
823.75 2.02526809268e-46
824 2.02582732426e-46
824.25 2.0263881793e-46
824.5 2.0269506632e-46
824.75 2.02751478137e-46
825 2.02808053921e-46
825.25 2.02864794216e-46
825.5 2.02921699564e-46
825.75 2.0297877051e-46
826 2.03036007599e-46
826.25 2.03093411376e-46
826.5 2.0315098239e-46
826.75 2.03208721189e-46
827 2.03266628321e-46
827.25 2.03324704337e-46
827.5 2.03382949788e-46
827.75 2.03441365226e-46
828 2.03499951204e-46
828.25 2.03558708277e-46
828.5 2.03617637e-46
828.75 2.0367673793e-46
829 2.03736011622e-46
829.25 2.03795458637e-46
829.5 2.03855079534e-46
829.75 2.03914874872e-46
830 2.03974845213e-46
830.25 2.04034991121e-46
830.5 2.04095313159e-46
830.75 2.04155812648e-46
831 2.04216488646e-46
831.25 2.04277342472e-46
831.5 2.04338374694e-46
831.75 2.0439958588e-46
832 2.04460976601e-46
832.25 2.04522547428e-46
832.5 2.04584298934e-46
832.75 2.04646231693e-46
833 2.04708346279e-46
833.25 2.04770643268e-46
833.5 2.04833123237e-46
833.75 2.04895786764e-46
834 2.04958634429e-46
834.25 2.05021666811e-46
834.5 2.05084884494e-46
834.75 2.0514828806e-46
835 2.05211878092e-46
835.25 2.05275655176e-46
835.5 2.05339619898e-46
835.75 2.05403772846e-46
836 2.05468114609e-46
836.25 2.05532645777e-46
836.5 2.0559736694e-46
836.75 2.05662278693e-46
837 2.05727381627e-46
837.25 2.05792676339e-46
837.5 2.05858163424e-46
837.75 2.05923843479e-46
838 2.05989717105e-46
838.25 2.060557849e-46
838.5 2.06122047465e-46
838.75 2.06188505404e-46
839 2.0625515932e-46
839.25 2.06322009819e-46
839.5 2.06389057506e-46
839.75 2.06456302989e-46
840 2.06523746878e-46
840.25 2.06591389783e-46
840.5 2.06659232316e-46
840.75 2.06727275089e-46
841 2.06795518717e-46
841.25 2.06863963816e-46
841.5 2.06932611003e-46
841.75 2.07001460896e-46
842 2.07070514115e-46
842.25 2.07139771282e-46
842.5 2.07209233019e-46
842.75 2.0727889995e-46
843 2.07348772701e-46
843.25 2.07418851898e-46
843.5 2.0748913817e-46
843.75 2.07559632147e-46
844 2.07630334458e-46
844.25 2.07701245739e-46
844.5 2.07772366621e-46
844.75 2.07843697741e-46
845 2.07915239736e-46
845.25 2.07986993245e-46
845.5 2.08058958906e-46
845.75 2.08131137363e-46
846 2.08203529257e-46
846.25 2.08276135233e-46
846.5 2.08348955937e-46
846.75 2.08421992018e-46
847 2.08495244123e-46
847.25 2.08568712903e-46
847.5 2.08642399011e-46
847.75 2.08716303101e-46
848 2.08790425828e-46
848.25 2.08864767848e-46
848.5 2.08939329821e-46
848.75 2.09014112406e-46
849 2.09089116265e-46
849.25 2.09164342062e-46
849.5 2.09239790461e-46
849.75 2.0931546213e-46
850 2.09391357736e-46
850.25 2.0946747795e-46
850.5 2.09543823443e-46
850.75 2.09620394889e-46
851 2.09697192962e-46
851.25 2.09774218339e-46
851.5 2.09851471699e-46
851.75 2.09928953722e-46
852 2.1000666509e-46
852.25 2.10084606486e-46
852.5 2.10162778597e-46
852.75 2.10241182108e-46
853 2.10319817709e-46
853.25 2.10398686091e-46
853.5 2.10477787946e-46
853.75 2.10557123968e-46
854 2.10636694855e-46
854.25 2.10716501303e-46
854.5 2.10796544012e-46
854.75 2.10876823685e-46
855 2.10957341025e-46
855.25 2.11038096737e-46
855.5 2.11119091528e-46
855.75 2.11200326108e-46
856 2.11281801188e-46
856.25 2.11363517481e-46
856.5 2.11445475702e-46
856.75 2.11527676567e-46
857 2.11610120797e-46
857.25 2.1169280911e-46
857.5 2.11775742232e-46
857.75 2.11858920885e-46
858 2.11942345798e-46
858.25 2.12026017699e-46
858.5 2.12109937319e-46
858.75 2.12194105391e-46
859 2.12278522649e-46
859.25 2.12363189832e-46
859.5 2.12448107678e-46
859.75 2.12533276929e-46
860 2.12618698327e-46
860.25 2.12704372619e-46
860.5 2.12790300553e-46
860.75 2.12876482877e-46
861 2.12962920344e-46
861.25 2.13049613709e-46
861.5 2.13136563727e-46
861.75 2.13223771157e-46
862 2.13311236761e-46
862.25 2.133989613e-46
862.5 2.13486945541e-46
862.75 2.13575190252e-46
863 2.13663696201e-46
863.25 2.13752464162e-46
863.5 2.13841494908e-46
863.75 2.13930789217e-46
864 2.14020347868e-46
864.25 2.14110171642e-46
864.5 2.14200261324e-46
864.75 2.142906177e-46
865 2.14381241558e-46
865.25 2.1447213369e-46
865.5 2.1456329489e-46
865.75 2.14654725953e-46
866 2.14746427679e-46
866.25 2.14838400868e-46
866.5 2.14930646324e-46
866.75 2.15023164854e-46
867 2.15115957265e-46
867.25 2.1520902437e-46
867.5 2.15302366981e-46
867.75 2.15395985917e-46
868 2.15489881996e-46
868.25 2.15584056039e-46
868.5 2.15678508871e-46
868.75 2.1577324132e-46
869 2.15868254214e-46
869.25 2.15963548388e-46
869.5 2.16059124675e-46
869.75 2.16154983915e-46
870 2.16251126947e-46
870.25 2.16347554616e-46
870.5 2.16444267768e-46
870.75 2.16541267253e-46
871 2.16638553922e-46
871.25 2.16736128631e-46
871.5 2.16833992238e-46
871.75 2.16932145604e-46
872 2.17030589592e-46
872.25 2.1712932507e-46
872.5 2.17228352907e-46
872.75 2.17327673976e-46
873 2.17427289154e-46
873.25 2.17527199319e-46
873.5 2.17627405353e-46
873.75 2.17727908142e-46
874 2.17828708574e-46
874.25 2.1792980754e-46
874.5 2.18031205936e-46
874.75 2.18132904659e-46
875 2.1823490461e-46
875.25 2.18337206694e-46
875.5 2.18439811818e-46
875.75 2.18542720894e-46
876 2.18645934836e-46
876.25 2.18749454562e-46
876.5 2.18853280993e-46
876.75 2.18957415054e-46
877 2.19061857672e-46
877.25 2.19166609779e-46
877.5 2.19271672311e-46
877.75 2.19377046205e-46
878 2.19482732405e-46
878.25 2.19588731855e-46
878.5 2.19695045506e-46
878.75 2.1980167431e-46
879 2.19908619224e-46
879.25 2.20015881209e-46
879.5 2.20123461228e-46
879.75 2.2023136025e-46
880 2.20339579247e-46
880.25 2.20448119194e-46
880.5 2.20556981072e-46
880.75 2.20666165862e-46
881 2.20775674554e-46
881.25 2.20885508137e-46
881.5 2.20995667609e-46
881.75 2.21106153968e-46
882 2.21216968218e-46
882.25 2.21328111366e-46
882.5 2.21439584425e-46
882.75 2.21551388411e-46
883 2.21663524343e-46
883.25 2.21775993248e-46
883.5 2.21888796153e-46
883.75 2.22001934092e-46
884 2.22115408102e-46
884.25 2.22229219227e-46
884.5 2.22343368512e-46
884.75 2.22457857008e-46
885 2.22572685772e-46
885.25 2.22687855863e-46
885.5 2.22803368347e-46
885.75 2.22919224293e-46
886 2.23035424776e-46
886.25 2.23151970875e-46
886.5 2.23268863673e-46
886.75 2.23386104261e-46
887 2.23503693731e-46
887.25 2.23621633182e-46
887.5 2.23739923719e-46
887.75 2.2385856645e-46
888 2.23977562489e-46
888.25 2.24096912955e-46
888.5 2.24216618972e-46
888.75 2.24336681671e-46
889 2.24457102187e-46
889.25 2.2457788076e-46
889.5 2.24699008871e-46
889.75 2.24820473039e-46
890 2.249422597e-46
890.25 2.25064355264e-46
890.5 2.25186746116e-46
890.75 2.25309418614e-46
891 2.25432359089e-46
891.25 2.25555553847e-46
891.5 2.25678989168e-46
891.75 2.25802651302e-46
892 2.25926526475e-46
892.25 2.26050600886e-46
892.5 2.26174860705e-46
892.75 2.26299292079e-46
893 2.26423881125e-46
893.25 2.26548613932e-46
893.5 2.26673476566e-46
893.75 2.26798455062e-46
894 2.26923535431e-46
894.25 2.27048703654e-46
894.5 2.27173945687e-46
894.75 2.2729924746e-46
895 2.27424594873e-46
895.25 2.27549973801e-46
895.5 2.27675370093e-46
895.75 2.27800769569e-46
896 2.27926158024e-46
896.25 2.28051521225e-46
896.5 2.28176844915e-46
896.75 2.28302114808e-46
897 2.28427316593e-46
897.25 2.28552435932e-46
897.5 2.28677458463e-46
897.75 2.28802369796e-46
898 2.28927155516e-46
898.25 2.29051801184e-46
898.5 2.29176292333e-46
898.75 2.29300614473e-46
899 2.29424753088e-46
899.25 2.29548693639e-46
899.5 2.29672421561e-46
899.75 2.29795922265e-46
900 2.29919181139e-46
900.25 2.30042183546e-46
900.5 2.30164914826e-46
900.75 2.30287360298e-46
901 2.30409505256e-46
901.25 2.30531334971e-46
901.5 2.30652834693e-46
901.75 2.30773989652e-46
902 2.30894785054e-46
902.25 2.31015206084e-46
902.5 2.31135237908e-46
902.75 2.31254865669e-46
903 2.31374074494e-46
903.25 2.31492849488e-46
903.5 2.31611175736e-46
903.75 2.31729038307e-46
904 2.3184642225e-46
904.25 2.31963312597e-46
904.5 2.32079694363e-46
904.75 2.32195552545e-46
905 2.32310872125e-46
905.25 2.32425638068e-46
905.5 2.32539835327e-46
905.75 2.32653448836e-46
906 2.32766463518e-46
906.25 2.32878864282e-46
906.5 2.32990636022e-46
906.75 2.33101763622e-46
907 2.33212231954e-46
907.25 2.33322025878e-46
907.5 2.33431130244e-46
907.75 2.33539529891e-46
908 2.33647209652e-46
908.25 2.33754154348e-46
908.5 2.33860348794e-46
908.75 2.33965777798e-46
909 2.34070426162e-46
909.25 2.3417427868e-46
909.5 2.34277320144e-46
909.75 2.34379535341e-46
910 2.34480909053e-46
910.25 2.34581426063e-46
910.5 2.34681071149e-46
910.75 2.3477982909e-46
911 2.34877684664e-46
911.25 2.3497462265e-46
911.5 2.35070627831e-46
911.75 2.35165684988e-46
912 2.35259778909e-46
912.25 2.35352894386e-46
912.5 2.35445016215e-46
912.75 2.355361292e-46
913 2.35626218152e-46
913.25 2.35715267888e-46
913.5 2.35803263238e-46
913.75 2.35890189039e-46
914 2.35976030141e-46
914.25 2.36060771406e-46
914.5 2.3614439771e-46
914.75 2.36226893942e-46
915 2.36308245009e-46
915.25 2.36388435834e-46
915.5 2.36467451355e-46
915.75 2.36545276533e-46
916 2.36682177822e-46
916.25 2.36758691838e-46
916.5 2.36833992406e-46
916.75 2.36908065036e-46
917 2.3698089527e-46
917.25 2.3705246869e-46
917.5 2.37122770916e-46
917.75 2.37191787606e-46
918 2.37259504464e-46
918.25 2.37325907234e-46
918.5 2.37390981707e-46
918.75 2.3745471372e-46
919 2.37517089159e-46
919.25 2.37578093959e-46
919.5 2.3763771411e-46
919.75 2.37695935652e-46
920 2.37752744684e-46
920.25 2.37808127362e-46
920.5 2.37862069899e-46
920.75 2.37914558572e-46
921 2.37965579722e-46
921.25 2.38015119752e-46
921.5 2.38063165135e-46
921.75 2.38109702414e-46
922 2.38154718201e-46
922.25 2.38198199184e-46
922.5 2.38240132126e-46
922.75 2.38280503868e-46
923 2.38319301331e-46
923.25 2.3835651152e-46
923.5 2.38392121524e-46
923.75 2.38426118519e-46
924 2.38458489772e-46
924.25 2.3848922264e-46
924.5 2.38518304578e-46
924.75 2.38545723135e-46
925 2.38571465961e-46
925.25 2.38595520809e-46
925.5 2.38617875537e-46
925.75 2.3863851811e-46
926 2.38657436605e-46
926.25 2.38674619211e-46
926.5 2.38690054235e-46
926.75 2.387037301e-46
927 2.38715635356e-46
927.25 2.38725758675e-46
927.5 2.38734088858e-46
927.75 2.38740614839e-46
928 2.38745325683e-46
928.25 2.38748210598e-46
928.5 2.38749258931e-46
928.75 2.38748460172e-46
929 2.38745803963e-46
929.25 2.38741280095e-46
929.5 2.38734878516e-46
929.75 2.38726589332e-46
930 2.38716402812e-46
930.25 2.38704309393e-46
930.5 2.38690299681e-46
930.75 2.38674364459e-46
931 2.38656494684e-46
931.25 2.38636681502e-46
931.5 2.38614916241e-46
931.75 2.38591190423e-46
932 2.38565495765e-46
932.25 2.38537824186e-46
932.5 2.38508167807e-46
932.75 2.38476518961e-46
933 2.38442870196e-46
933.25 2.38407214277e-46
933.5 2.38369544197e-46
933.75 2.38329853175e-46
934 2.38288134668e-46
934.25 2.38244382371e-46
934.5 2.38198590228e-46
934.75 2.38150752432e-46
935 2.38100863434e-46
935.25 2.38048917949e-46
935.5 2.3799491096e-46
935.75 2.37938837728e-46
936 2.37880693793e-46
936.25 2.37820474986e-46
936.5 2.37758177432e-46
936.75 2.37693797559e-46
937 2.37627332102e-46
937.25 2.37558778115e-46
937.5 2.37488132974e-46
937.75 2.37415394386e-46
938 2.373405604e-46
938.25 2.37263629409e-46
938.5 2.37184600161e-46
938.75 2.37103471771e-46
939 2.37020243724e-46
939.25 2.36934915887e-46
939.5 2.36847488517e-46
939.75 2.36757962272e-46
940 2.36666338217e-46
940.25 2.36572617841e-46
940.5 2.36476803057e-46
940.75 2.36378896224e-46
941 2.36278900148e-46
941.25 2.36176818098e-46
941.5 2.36072653819e-46
941.75 2.35966411538e-46
942 2.35858095983e-46
942.25 2.3574771239e-46
942.5 2.35635266518e-46
942.75 2.35520764666e-46
943 2.35404213678e-46
943.25 2.35285620967e-46
943.5 2.35164994522e-46
943.75 2.35042342927e-46
944 2.34917675378e-46
944.25 2.34791001693e-46
944.5 2.34662332335e-46
944.75 2.34531678426e-46
945 2.34399051764e-46
945.25 2.34264464844e-46
945.5 2.34127930876e-46
945.75 2.33989463803e-46
946 2.33849078322e-46
946.25 2.33706789905e-46
946.5 2.33562614824e-46
946.75 2.33414333326e-46
947 2.33262666424e-46
947.25 2.33109076815e-46
947.5 2.32953581955e-46
947.75 2.32796200158e-46
948 2.32636950612e-46
948.25 2.32475853409e-46
948.5 2.32312929573e-46
948.75 2.32146840828e-46
949 2.31969188941e-46
949.25 2.31789514541e-46
949.5 2.31607836105e-46
949.75 2.31424173002e-46
950 2.31238545519e-46
950.25 2.3105097489e-46
950.5 2.30861483322e-46
950.75 2.30670094032e-46
951 2.30476831271e-46
951.25 2.30281720359e-46
951.5 2.30084787722e-46
951.75 2.29886060923e-46
952 2.29685568704e-46
952.25 2.29483341019e-46
952.5 2.29279409079e-46
952.75 2.29073805397e-46
953 2.28866563831e-46
953.25 2.28657719648e-46
953.5 2.28447309614e-46
953.75 2.28235372203e-46
954 2.28021948614e-46
954.25 2.27807096315e-46
954.5 2.2759120083e-46
954.75 2.27373166173e-46
955 2.27154207424e-46
955.25 2.26933989988e-46
955.5 2.26712558711e-46
955.75 2.26489964819e-46
956 2.26266262148e-46
956.25 2.26041506772e-46
956.5 2.25815756997e-46
956.75 2.25589073414e-46
957 2.25361518981e-46
957.25 2.25133159106e-46
957.5 2.24904061745e-46
957.75 2.24674297499e-46
958 2.24443939722e-46
958.25 2.24213064625e-46
958.5 2.23981751401e-46
958.75 2.23750082339e-46
959 2.23518142954e-46
959.25 2.23286022122e-46
959.5 2.23053812222e-46
959.75 2.22821609282e-46
960 2.22589513136e-46
960.25 2.22357627586e-46
960.5 2.22126060581e-46
960.75 2.21894923747e-46
961 2.216643342e-46
961.25 2.21434413732e-46
961.5 2.21205288778e-46
961.75 2.20977090925e-46
962 2.20749957153e-46
962.25 2.20524030078e-46
962.5 2.20299458224e-46
962.75 2.20076396294e-46
963 2.19855005465e-46
963.25 2.19635453703e-46
963.5 2.19417916086e-46
963.75 2.19202575153e-46
964 2.18989621273e-46
964.25 2.18779253033e-46
964.5 2.18571677651e-46
964.75 2.18367111412e-46
965 2.18165780132e-46
965.25 2.17967919648e-46
965.5 2.17773776341e-46
965.75 2.17583607692e-46
966 2.17397682864e-46
966.25 2.17216283333e-46
966.5 2.17039703549e-46
966.75 2.16868251647e-46
967 2.16702250196e-46
967.25 2.16542037005e-46
967.5 2.16387965976e-46
967.75 2.16240408012e-46
968 2.16099751996e-46
968.25 2.15966405823e-46
968.5 2.15840750049e-46
968.75 2.15716588819e-46
969 2.15574533804e-46
969.25 2.15393833974e-46
969.5 2.15154027689e-46
969.75 2.14835008943e-46
970 2.14417115223e-46
970.25 2.13881236094e-46
970.5 2.13208941354e-46
970.75 2.12382627266e-46
971 2.11385678975e-46
971.25 2.10202646832e-46
971.5 2.08819433863e-46
971.75 2.07223491201e-46
972 2.05404017814e-46
972.25 2.03352160446e-46
972.5 2.01061209291e-46
972.75 1.98526784581e-46
973 1.95747009035e-46
973.25 1.92722660951e-46
973.5 1.89457302726e-46
973.75 1.85957379685e-46
974 1.82232284404e-46
974.25 1.78294382144e-46
974.5 1.74158993646e-46
974.75 1.69844332333e-46
975 1.65371393921e-46
975.25 1.60582900952e-46
975.5 1.55639025449e-46
975.75 1.50600066582e-46
976 1.45495115103e-46
976.25 1.40354718138e-46
976.5 1.35211009692e-46
976.75 1.30108264214e-46
977 1.25099241456e-46
977.25 1.20231228306e-46
977.5 1.15545333282e-46
977.75 1.11076558813e-46
978 1.06854009903e-46
978.25 1.02901213862e-46
978.5 9.92365262568e-47
978.75 9.5873599567e-47
979 9.28218930294e-47
979.25 9.00872046009e-47
979.5 8.76722087072e-47
979.75 8.55769862701e-47
980 8.37995363238e-47
980.25 8.2336261204e-47
980.5 8.11824197795e-47
980.75 8.03325454096e-47
981 7.9780827259e-47
981.25 7.95214552493e-47
981.5 7.9548930303e-47
981.75 7.98583426485e-47
982 8.04456218401e-47
982.25 8.13077628405e-47
982.5 8.24430330509e-47
982.75 8.38511656041e-47
983 8.55335445966e-47
983.25 8.74933882749e-47
983.5 8.97359365548e-47
983.75 9.22686496833e-47
984 9.51014254085e-47
984.25 9.82468427567e-47
984.5 1.0172044149e-46
984.75 1.05541047621e-46
985 1.09731157072e-46
985.25 1.1431739184e-46
985.5 1.19331045973e-46
985.75 1.24808742579e-46
986 1.30793228137e-46
986.25 1.3733433708e-46
986.5 1.44490168418e-46
986.75 1.52328527795e-46
987 1.60928703917e-46
987.25 1.70383669128e-46
987.5 1.80802822119e-46
987.75 1.92315429313e-46
988 2.05074974641e-46
988.25 2.19264701649e-46
988.5 2.3510473658e-46
988.75 2.52861330749e-46
989 2.72858977414e-46
989.25 2.95496477234e-46
989.5 3.21268502853e-46
989.75 3.50794937529e-46
990 3.84861384953e-46
990.25 5.30821539785e-46
990.5 7.21749374139e-46
990.75 1.1460469676e-45
991 2.22941098403e-45
991.25 5.44613347493e-45
991.5 1.71912421998e-44
991.75 7.16123903858e-44
992 5.61100074675e-43
992.25 8.43326446783e-43
992.5 8.23615760275e-44
992.75 2.07541439371e-44
993 7.8579915428e-45
993.25 5.24046442939e-45
993.5 5.67902951163e-45
993.75 8.04727819149e-45
994 1.53146865199e-44
994.25 4.10146610905e-44
994.5 3.34591844981e-43
994.75 4.36941997769e-43
995 4.52384661002e-44
995.25 1.71360920253e-44
995.5 1.02101122771e-44
995.75 8.7920706809e-45
996 1.26977821847e-44
996.25 5.71511818019e-44
996.5 2.45391656271e-43
996.75 1.69185262567e-44
997 7.41354486108e-45
997.25 5.52527777837e-45
997.5 5.60996535124e-45
997.75 7.28419872074e-45
998 1.22268039363e-44
998.25 3.00470342559e-44
998.5 2.04829185607e-43
998.75 4.85532060681e-43
999 3.92029621522e-44
999.25 1.36057805211e-44
999.5 6.98782740881e-45
999.75 4.33836042339e-45
1000 3.02533740789e-45
1000.25 2.29424547047e-45
1000.5 1.86586709311e-45
1000.75 1.62102038171e-45
1001 1.50656326623e-45
1001.25 1.50208125298e-45
1001.5 1.60709343456e-45
1001.75 1.83649047864e-45
1002 2.21988213394e-45
1002.25 2.80316930621e-45
1002.5 3.65159689118e-45
1002.75 4.85384801373e-45
1003 6.52675422035e-45
1003.25 8.82010000676e-45
1003.5 1.19220044646e-44
1003.75 3.22306386336e-43
1004 2.14661953139e-44
1004.25 2.84500355352e-44
1004.5 3.7297007948e-44
1004.75 4.82711622058e-44
1005 6.15729460308e-44
1005.25 7.72841660511e-44
1005.5 9.53072694317e-44
1005.75 1.15305431019e-43
1006 1.3665512874e-43
1006.25 1.58425780538e-43
1006.5 1.79401277631e-43
1006.75 2.05026900844e-43
1007 2.25917300032e-43
1007.25 2.47221864599e-43
1007.5 2.73846010492e-43
1007.75 3.189501276e-43
1008 4.1662868259e-43
1008.25 6.61369832319e-43
1008.5 1.35672430474e-42
1008.75 3.71433366861e-42
1009 1.07272312511e-41
1009.25 1.40798668128e-40
1009.5 5.20566946049e-41
1009.75 7.70043915243e-42
1010 2.72099858574e-42
1010.25 9.60447538611e-43
1010.5 4.01196475469e-43
1010.75 1.86351052554e-43
1011 9.32240736658e-44
1011.25 4.92763067726e-44
1011.5 2.71731316481e-44
1011.75 4.70967318082e-45
1012 3.23741778811e-45
1012.25 2.21897137414e-45
1012.5 1.52061925088e-45
1012.75 1.04495777231e-45
1013 7.22481458487e-46
1013.25 5.04433294019e-46
1013.5 3.57088099085e-46
1013.75 2.5738134714e-46
1014 1.89679251394e-46
1014.25 1.43438576236e-46
1014.5 1.11460025689e-46
1014.75 8.92027816483e-47
1015 7.35193423941e-47
1015.25 6.23076377011e-47
1015.5 5.41612733279e-47
1015.75 4.81365555365e-47
1016 4.35979354592e-47
1016.25 4.0113622449e-47
1016.5 3.73759675308e-47
1016.75 3.5173426431e-47
1017 3.33648113425e-47
1017.25 3.18545369963e-47
1017.5 3.05771663825e-47
1017.75 2.94876554342e-47
1018 2.85551210561e-47
1018.25 2.77588327794e-47
1018.5 2.70856408321e-47
1018.75 2.65283589809e-47
1019 2.60848064112e-47
1019.25 2.57573286805e-47
1019.5 2.55526919862e-47
1019.75 2.54822944211e-47
1020 2.55626725366e-47
1020.25 2.58163074416e-47
1020.5 2.62727554746e-47
1020.75 2.69701463243e-47
1021 2.79571074132e-47
1021.25 2.92951876322e-47
1021.5 3.10618655463e-47
1021.75 3.33542355458e-47
1022 3.62934676201e-47
1022.25 4.00301287734e-47
1022.5 4.47504314022e-47
1022.75 5.06834294132e-47
1023 5.8109107972e-47
1023.25 6.73671976194e-47
1023.5 7.88663773981e-47
1023.75 9.3093304542e-47
1024 9.3093304542e-47
