15.75 6.66460296536e-42
16 6.66460296536e-42
16.25 5.28847685345e-42
16.5 4.19678781751e-42
16.75 3.34236983261e-42
17 2.68264381961e-42
17.25 2.19168264708e-42
17.5 1.8693060441e-42
17.75 1.74393505044e-42
18 1.87492979903e-42
18.25 3.13059367796e-42
18.5 2.39824427281e-41
18.75 1.49822835203e-41
19 2.1856400568e-42
19.25 9.63597706421e-43
19.5 5.80585410876e-43
19.75 3.61778630239e-43
20 2.45815596372e-43
20.25 1.8792964404e-43
20.5 1.49624233982e-43
20.75 1.28096170619e-43
21 1.20639617375e-43
21.25 1.28819738532e-43
21.5 1.59172372198e-43
21.75 2.26847854941e-43
22 3.65244487659e-43
22.25 6.51045842151e-43
22.5 1.28417864626e-42
22.75 2.85984766796e-42
23 6.18378569938e-42
23.25 1.77292942812e-41
23.5 2.22688630992e-40
23.75 8.40021714042e-41
24 1.182905809e-41
24.25 4.37881450541e-42
24.5 1.85300416231e-42
24.75 7.97609396914e-43
25 3.78889496924e-43
25.25 1.92633447428e-43
25.5 1.03081192533e-43
25.75 5.75143763128e-44
26 3.3295784926e-44
26.25 1.99626147309e-44
26.5 1.24001552967e-44
26.75 1.88681785116e-45
27 1.69097304474e-45
27.25 1.52123053947e-45
27.5 1.37364078756e-45
27.75 1.24491374156e-45
28 1.13229980693e-45
28.25 1.03349372553e-45
28.5 9.46556719727e-46
28.75 8.69853225389e-46
29 8.01999317979e-46
29.25 7.41820540299e-46
29.5 6.88317313014e-46
29.75 6.4063647961e-46
30 5.9804782901e-46
30.25 5.59924669096e-46
30.5 5.25727706494e-46
30.75 4.94991632527e-46
31 4.67313930366e-46
31.25 4.42345510317e-46
31.5 4.19782853805e-46
31.75 3.99361405723e-46
32 3.80850002418e-46
32.25 3.64046161057e-46
32.5 3.48772087202e-46
32.75 3.34871282722e-46
33 3.22205656728e-46
33.25 3.10653058997e-46
33.5 3.00105169084e-46
33.75 2.90465685586e-46
34 2.81648769275e-46
34.25 2.73577701455e-46
34.5 2.6618372519e-46
34.75 2.59405042302e-46
35 2.53185943325e-46
35.25 2.47476051271e-46
35.5 2.42229663017e-46
35.75 2.37405174671e-46
36 2.32964579389e-46
36.25 2.28873027858e-46
36.5 2.25098443178e-46
36.75 2.21611183136e-46
37 2.18383743909e-46
37.25 2.15390500144e-46
37.5 2.12607477149e-46
37.75 2.10012151539e-46
38 2.07583277265e-46
38.25 2.05300734413e-46
38.5 2.03145398539e-46
38.75 2.01099028683e-46
39 1.99144172443e-46
39.25 1.97264086753e-46
39.5 1.95442673196e-46
39.75 1.93664426846e-46
40 1.91915409324e-46
40.25 1.90190729355e-46
40.5 1.88489958292e-46
40.75 1.86812709183e-46
41 1.85158602248e-46
41.25 1.83527264738e-46
41.5 1.8191833078e-46
41.75 1.80331441247e-46
42 1.78766243612e-46
42.25 1.77222391817e-46
42.5 1.7569954614e-46
42.75 1.7419737307e-46
43 1.72715545173e-46
43.25 1.71253740976e-46
43.5 1.69811644844e-46
43.75 1.68388946863e-46
44 1.66985342722e-46
44.25 1.65600533604e-46
44.5 1.64234226074e-46
44.75 1.6288613197e-46
45 1.61555968301e-46
45.25 1.60243457141e-46
45.5 1.58948325527e-46
45.75 1.57670305365e-46
46 1.56409133328e-46
46.25 1.55164550767e-46
46.5 1.53936303612e-46
46.75 1.52724142288e-46
47 1.51527821624e-46
47.25 1.50347100763e-46
47.5 1.49181743084e-46
47.75 1.4813549361e-46
48 1.47012225247e-46
48.25 1.45905154461e-46
48.5 1.44814270957e-46
48.75 1.43739600477e-46
49 1.42681210218e-46
49.25 1.4163921532e-46
49.5 1.40613786621e-46
49.75 1.39605159983e-46
50 1.38613647524e-46
50.25 1.37639651199e-46
50.5 1.36683679284e-46
50.75 1.35746366456e-46
51 1.34828498357e-46
51.25 1.33931041775e-46
51.5 1.33055181906e-46
51.75 1.32202368582e-46
52 1.31374373938e-46
52.25 1.30573364741e-46
52.5 1.29801993679e-46
52.75 1.29063515322e-46
53 1.28361934438e-46
53.25 1.27702197115e-46
53.5 1.27090439007e-46
53.75 1.26534310569e-46
54 1.26043407092e-46
54.25 1.25629843064e-46
54.5 1.25309027622e-46
54.75 1.2510072398e-46
55 1.25030515563e-46
55.25 1.25131863865e-46
55.5 1.25449042072e-46
55.75 1.26041389612e-46
56 1.26989601273e-46
56.25 1.28405224252e-46
56.5 1.30445347459e-46
56.75 1.33335947596e-46
57 1.37083428244e-46
57.25 1.40421981667e-46
57.5 1.4503845843e-46
57.75 1.51532467437e-46
58 1.60907296327e-46
58.25 1.74947324528e-46
58.5 1.97082927273e-46
58.75 2.34623393608e-46
59 3.05538318674e-46
59.25 4.64578830155e-46
59.5 9.52385338375e-46
59.75 4.21577325416e-45
60 8.45315997708e-44
60.25 2.0423780746e-45
60.5 6.65398639456e-46
60.75 3.64534491827e-46
61 2.52532210623e-46
61.25 1.98895398843e-46
61.5 1.69050452042e-46
61.75 1.50679086962e-46
62 1.38508256793e-46
62.25 1.299770091e-46
62.5 1.23720819168e-46
62.75 1.18959061645e-46
63 1.14971083743e-46
63.25 1.10936760427e-46
63.5 1.07800852039e-46
63.75 1.05305646582e-46
64 1.0327660542e-46
64.25 1.0159276639e-46
64.5 1.00168600405e-46
64.75 9.89425579772e-47
65 9.78696504221e-47
65.25 9.69165338544e-47
65.5 9.6058185014e-47
65.75 9.52756123394e-47
66 9.4554253939e-47
66.25 9.38828396388e-47
66.5 9.32525717519e-47
66.75 9.26565280329e-47
67 9.20892216539e-47
67.25 9.15462735481e-47
67.5 9.10241661004e-47
67.75 9.05200563575e-47
68 9.00316332219e-47
68.25 8.95570074432e-47
68.5 8.90946262811e-47
68.75 8.86432068686e-47
69 8.82016838608e-47
69.25 8.77691680696e-47
69.5 8.73449136021e-47
69.75 8.69282916237e-47
70 8.65187693097e-47
70.25 8.61158928839e-47
70.5 8.57192738919e-47
70.75 8.53285780495e-47
71 8.49435161463e-47
71.25 8.45638366008e-47
71.5 8.41893193457e-47
71.75 8.37819606945e-47
72 8.34220204614e-47
72.25 8.30660873587e-47
72.5 8.27141134804e-47
72.75 8.23660515992e-47
73 8.20218551548e-47
73.25 8.16814782435e-47
73.5 8.13448756071e-47
73.75 8.1012002622e-47
74 8.06828152893e-47
74.25 8.03572702242e-47
74.5 8.00353246462e-47
74.75 7.97169363687e-47
75 7.94020637899e-47
75.25 7.90906658831e-47
75.5 7.8782702187e-47
75.75 7.84781327969e-47
76 7.81769183553e-47
76.25 7.78790200433e-47
76.5 7.75843995717e-47
76.75 7.72930191726e-47
77 7.70048415908e-47
77.25 7.67198300754e-47
77.5 7.6437948372e-47
77.75 7.61591607145e-47
78 7.58834318172e-47
78.25 7.5610726867e-47
78.5 7.53410115163e-47
78.75 7.50742518748e-47
79 7.48104145027e-47
79.25 7.45494664034e-47
79.5 7.42913750161e-47
79.75 7.40361082093e-47
80 7.37836342735e-47
80.25 7.3533921915e-47
80.5 7.32869402487e-47
80.75 7.30426587918e-47
81 7.28010474579e-47
81.25 7.25620765498e-47
81.5 7.2325716754e-47
81.75 7.20919391345e-47
82 7.18607151266e-47
82.25 7.16320165311e-47
82.5 7.14058155088e-47
82.75 7.11820845745e-47
83 7.09607965914e-47
83.25 7.07419247659e-47
83.5 7.05254426419e-47
83.75 7.03113240955e-47
84 7.00995433301e-47
84.25 6.98900748707e-47
84.5 6.96828935596e-47
84.75 6.94779745505e-47
85 6.92752933045e-47
85.25 6.90748255847e-47
85.5 6.88765474515e-47
85.75 6.86804352584e-47
86 6.84864656469e-47
86.25 6.82946155423e-47
86.5 6.8104862149e-47
86.75 6.79171829464e-47
87 6.77315556847e-47
87.25 6.75479583801e-47
87.5 6.73663693113e-47
87.75 6.71867670151e-47
88 6.70091302822e-47
88.25 6.68334381538e-47
88.5 6.6659669917e-47
88.75 6.64878051015e-47
89 6.63178234757e-47
89.25 6.61497050428e-47
89.5 6.59834300373e-47
89.75 6.58189789215e-47
90 6.56563323815e-47
90.25 6.54954713245e-47
90.5 6.53363768746e-47
90.75 6.51790303699e-47
91 6.50234133588e-47
91.25 6.48695075971e-47
91.5 6.47172950447e-47
91.75 6.45667578622e-47
92 6.4417878408e-47
92.25 6.42706392351e-47
92.5 6.41250230881e-47
92.75 6.39810129003e-47
93 6.38385917908e-47
93.25 6.36977430614e-47
93.5 6.35584501939e-47
93.75 6.34206968472e-47
94 6.32844668548e-47
94.25 6.31497442218e-47
94.5 6.30165131224e-47
94.75 6.2884757897e-47
95 6.275446305e-47
95.25 6.2625613247e-47
95.5 6.24981933123e-47
95.75 6.23721882266e-47
96 6.22475831241e-47
96.25 6.21243632907e-47
96.5 6.20025141613e-47
96.75 6.18820213174e-47
97 6.1762870485e-47
97.25 6.16450475323e-47
97.5 6.15285384673e-47
97.75 6.14133294359e-47
98 6.12994067193e-47
98.25 6.11867567325e-47
98.5 6.10753660216e-47
98.75 6.0965221262e-47
99 6.08563092565e-47
99.25 6.07486169328e-47
99.5 6.06421313423e-47
99.75 6.05368396573e-47
100 6.04327291698e-47
100.25 6.03297872892e-47
100.5 6.02280015404e-47
100.75 6.01273595623e-47
101 6.00278491057e-47
101.25 5.99294580318e-47
101.5 5.98321743099e-47
101.75 5.97359860163e-47
102 5.96408813324e-47
102.25 5.95468485427e-47
102.5 5.94538760337e-47
102.75 5.93619522915e-47
103 5.92710659013e-47
103.25 5.91812055446e-47
103.5 5.90923599986e-47
103.75 5.90045181341e-47
104 5.89176689142e-47
104.25 5.88318013929e-47
104.5 5.87469047133e-47
104.75 5.86629681066e-47
105 5.85799808902e-47
105.25 5.84979324667e-47
105.5 5.84168123222e-47
105.75 5.83366100252e-47
106 5.82573152251e-47
106.25 5.81789176509e-47
106.5 5.81014071099e-47
106.75 5.80247734863e-47
107 5.79490067403e-47
107.25 5.78740969063e-47
107.5 5.78000340921e-47
107.75 5.77268084776e-47
108 5.76544103134e-47
108.25 5.75828299201e-47
108.5 5.75120576863e-47
108.75 5.74420840684e-47
109 5.73728995889e-47
109.25 5.73044948354e-47
109.5 5.72368604595e-47
109.75 5.7169987176e-47
110 5.71038657613e-47
110.25 5.70384870529e-47
110.5 5.69738419479e-47
110.75 5.69099214024e-47
111 5.68467164303e-47
111.25 5.67842181023e-47
111.5 5.67224175448e-47
111.75 5.66613059394e-47
112 5.66008745215e-47
112.25 5.65411145796e-47
112.5 5.64820174542e-47
112.75 5.64235745372e-47
113 5.63657772709e-47
113.25 5.63086171469e-47
113.5 5.62520857054e-47
113.75 5.61961745347e-47
114 5.61408752697e-47
114.25 5.60861795917e-47
114.5 5.60320792271e-47
114.75 5.5978565947e-47
115 5.59256315664e-47
115.25 5.5873267943e-47
115.5 5.58214669769e-47
115.75 5.57702206097e-47
116 5.57195208239e-47
116.25 5.56693596418e-47
116.5 5.56197291253e-47
116.75 5.55706213748e-47
117 5.55220285289e-47
117.25 5.54739427632e-47
117.5 5.54263562903e-47
117.75 5.53792613585e-47
118 5.53326502517e-47
118.25 5.52865152884e-47
118.5 5.52408488214e-47
118.75 5.51956432368e-47
119 5.5150890954e-47
119.25 5.51065844243e-47
119.5 5.50627161312e-47
119.75 5.50192785893e-47
120 5.49762643436e-47
120.25 5.49336659697e-47
120.5 5.48914760725e-47
120.75 5.48496872861e-47
121 5.48082922732e-47
121.25 5.47672837245e-47
121.5 5.47266543584e-47
121.75 5.46863969204e-47
122 5.46465041826e-47
122.25 5.46069689433e-47
122.5 5.45677840266e-47
122.75 5.45289422818e-47
123 5.44904365831e-47
123.25 5.44522598292e-47
123.5 5.44144049429e-47
123.75 5.43768648704e-47
124 5.43396325814e-47
124.25 5.43027010682e-47
124.5 5.42660633459e-47
124.75 5.42297124515e-47
125 5.41936414437e-47
125.25 5.41578434027e-47
125.5 5.412231143e-47
125.75 5.40870386474e-47
126 5.40520181975e-47
126.25 5.40172432428e-47
126.5 5.39827069657e-47
126.75 5.3948402568e-47
127 5.39143232709e-47
127.25 5.38804624636e-47
127.5 5.38468165771e-47
127.75 5.38133848644e-47
128 5.37801666893e-47
128.25 5.37471614185e-47
128.5 5.3714368422e-47
128.75 5.3681787073e-47
129 5.36494167476e-47
129.25 5.36172568252e-47
129.5 5.35853066884e-47
129.75 5.35535657224e-47
130 5.35220333161e-47
130.25 5.3490708861e-47
130.5 5.34595917517e-47
130.75 5.34286813859e-47
131 5.33979771642e-47
131.25 5.33674784904e-47
131.5 5.3337184771e-47
131.75 5.33070954156e-47
132 5.32772098365e-47
132.25 5.32475274493e-47
132.5 5.32180476721e-47
132.75 5.31887699262e-47
133 5.31596936356e-47
133.25 5.31308182272e-47
133.5 5.31021431307e-47
133.75 5.30736677787e-47
134 5.30453916064e-47
134.25 5.3017314052e-47
134.5 5.29894345565e-47
134.75 5.29617525635e-47
135 5.29342675194e-47
135.25 5.29069788734e-47
135.5 5.28798860773e-47
135.75 5.28529885857e-47
136 5.28262858558e-47
136.25 5.27997773476e-47
136.5 5.27734625236e-47
136.75 5.27473408491e-47
137 5.27214117919e-47
137.25 5.26956748224e-47
137.5 5.26701294138e-47
137.75 5.26447750415e-47
138 5.2619611184e-47
138.25 5.25946373219e-47
138.5 5.25698529386e-47
138.75 5.25452575199e-47
139 5.25208505542e-47
139.25 5.24966315324e-47
139.5 5.24725999477e-47
139.75 5.24487552961e-47
140 5.24250970758e-47
140.25 5.24016247876e-47
140.5 5.23783379347e-47
140.75 5.23552360226e-47
141 5.23323185594e-47
141.25 5.23095850554e-47
141.5 5.22870350236e-47
141.75 5.22646679789e-47
142 5.22424834391e-47
142.25 5.22204809238e-47
142.5 5.21986599554e-47
142.75 5.21770200583e-47
143 5.21555607593e-47
143.25 5.21342815877e-47
143.5 5.21131820747e-47
143.75 5.2092261754e-47
144 5.20715201617e-47
144.25 5.20509568358e-47
144.5 5.20305713167e-47
144.75 5.20103631471e-47
145 5.19903318719e-47
145.25 5.1970477038e-47
145.5 5.19507981946e-47
145.75 5.19312948932e-47
146 5.19119666874e-47
146.25 5.18928131327e-47
146.5 5.18738337871e-47
146.75 5.18550282105e-47
147 5.18363959651e-47
147.25 5.18179366148e-47
147.5 5.17996497262e-47
147.75 5.17815348675e-47
148 5.17635916091e-47
148.25 5.17458195235e-47
148.5 5.17282181853e-47
148.75 5.17107871709e-47
149 5.16935260591e-47
149.25 5.16764344304e-47
149.5 5.16595118674e-47
149.75 5.16427579547e-47
150 5.16261722789e-47
150.25 5.16097544285e-47
150.5 5.1593503994e-47
150.75 5.1577420568e-47
151 5.15615037447e-47
151.25 5.15457531205e-47
151.5 5.15301682936e-47
151.75 5.15147488642e-47
152 5.14994944343e-47
152.25 5.14844046078e-47
152.5 5.14694789906e-47
152.75 5.14547171902e-47
153 5.14401188162e-47
153.25 5.142568348e-47
153.5 5.14114107948e-47
153.75 5.13973003755e-47
154 5.1383351839e-47
154.25 5.1369564804e-47
154.5 5.13559388908e-47
154.75 5.13424737217e-47
155 5.13291689207e-47
155.25 5.13160241135e-47
155.5 5.13030389276e-47
155.75 5.12902129923e-47
156 5.12775459385e-47
156.25 5.12650373991e-47
156.5 5.12526870083e-47
156.75 5.12404944024e-47
157 5.12284592192e-47
157.25 5.12165810982e-47
157.5 5.12048596806e-47
157.75 5.11932946093e-47
158 5.11818855287e-47
158.25 5.11706320852e-47
158.5 5.11595339265e-47
158.75 5.1148590702e-47
159 5.11378020629e-47
159.25 5.11271676618e-47
159.5 5.1116687153e-47
159.75 5.11063601925e-47
160 5.10961864377e-47
160.25 5.10861655476e-47
160.5 5.1076297183e-47
160.75 5.10665810059e-47
161 5.10570166802e-47
161.25 5.10476038711e-47
161.5 5.10383422454e-47
161.75 5.10292314715e-47
162 5.10202712193e-47
162.25 5.10311521404e-47
162.5 5.10241399467e-47
162.75 5.10174247073e-47
163 5.1011020331e-47
163.25 5.1004942225e-47
163.5 5.09992074682e-47
163.75 5.0993835006e-47
164 5.09888458706e-47
164.25 5.09842634295e-47
164.5 5.0980113668e-47
164.75 5.09764255084e-47
165 5.0973231173e-47
165.25 5.09705665974e-47
165.5 5.0968471901e-47
165.75 5.09669919242e-47
166 5.09661768432e-47
166.25 5.09660828736e-47
166.5 5.09667730791e-47
166.75 5.09683183006e-47
167 5.09707982287e-47
167.25 5.0974302641e-47
167.5 5.0978932836e-47
167.75 5.09848032971e-47
168 5.0992043628e-47
168.25 5.10008008108e-47
168.5 5.10112418471e-47
168.75 5.10235568552e-47
169 5.10379627142e-47
169.25 5.10547073625e-47
169.5 5.10740748868e-47
169.75 5.10963915663e-47
170 5.11220330752e-47
170.25 5.11514331004e-47
170.5 5.11850936892e-47
170.75 5.12235977276e-47
171 5.12676240514e-47
171.25 5.13179658294e-47
171.5 5.13755530343e-47
171.75 5.1441480049e-47
172 5.15170397663e-47
172.25 5.16037659472e-47
172.5 5.17034861577e-47
172.75 5.18183883532e-47
173 5.1951105204e-47
173.25 5.21048216731e-47
173.5 5.22834133389e-47
173.75 5.24916257506e-47
174 5.27353090986e-47
174.25 5.30217282704e-47
174.5 5.33599768504e-47
174.75 5.37615362654e-47
175 5.42410404258e-47
175.25 5.48173356989e-47
175.5 5.55149723615e-47
175.75 5.6266641642e-47
176 5.69356851665e-47
176.25 5.7738627727e-47
176.5 5.87138544395e-47
176.75 5.99146188347e-47
177 6.14165413039e-47
177.25 6.33299254111e-47
177.5 6.58207865507e-47
177.75 6.91484248097e-47
178 7.37362894266e-47
178.25 8.03146905818e-47
178.5 9.02325453883e-47
178.75 1.0621285254e-46
179 1.34454066394e-46
179.25 1.91724961957e-46
179.5 3.37647021376e-46
179.75 9.28698977333e-46
180 1.43791239858e-44
180.25 3.45182486676e-45
180.5 5.97810859446e-46
180.75 2.64068140405e-46
181 1.63237385069e-46
181.25 1.19953450945e-46
181.5 9.7513175434e-47
181.75 8.44112547535e-47
182 7.61082305201e-47
182.25 7.05208205161e-47
182.5 6.65842386446e-47
182.75 6.37083806961e-47
183 6.15448765358e-47
183.25 5.98773512962e-47
183.5 5.85656858627e-47
183.75 5.75159172234e-47
184 5.66631365466e-47
184.25 5.59613458739e-47
184.5 5.53699829523e-47
184.75 5.46546774073e-47
185 5.40711408524e-47
185.25 5.35914932931e-47
185.5 5.31945824237e-47
185.75 5.28641644395e-47
186 5.25876274992e-47
186.25 5.23550816688e-47
186.5 5.21587007281e-47
186.75 5.19922398411e-47
187 5.18506778205e-47
187.25 5.17299488491e-47
187.5 5.16267392235e-47
187.75 5.15383319e-47
188 5.14624865533e-47
188.25 5.13973462785e-47
188.5 5.13413644642e-47
188.75 5.12932470676e-47
189 5.12519067433e-47
189.25 5.12164261647e-47
189.5 5.11860285216e-47
189.75 5.11600536612e-47
190 5.11379386904e-47
190.25 5.11192021281e-47
190.5 5.11034308988e-47
190.75 5.10902696091e-47
191 5.1079411671e-47
191.25 5.10705919241e-47
191.5 5.10635804813e-47
191.75 5.10581775753e-47
192 5.105420923e-47
192.25 5.10515236123e-47
192.5 5.10499879475e-47
192.75 5.10494859039e-47
193 5.1049915369e-47
193.25 5.10511865539e-47
193.5 5.10532203719e-47
193.75 5.10559470497e-47
194 5.10593049347e-47
194.25 5.1063239468e-47
194.5 5.10677022975e-47
194.75 5.10726505125e-47
195 5.10780459794e-47
195.25 5.10838547659e-47
195.5 5.10900466393e-47
195.75 5.10965946308e-47
196 5.11034746534e-47
196.25 5.111066517e-47
196.5 5.11181469008e-47
196.75 5.1125902568e-47
197 5.11339166713e-47
197.25 5.11421752901e-47
197.5 5.11506659096e-47
197.75 5.11478725064e-47
198 5.11577702155e-47
198.25 5.11677828189e-47
198.5 5.11779101328e-47
198.75 5.11881519735e-47
199 5.11985081583e-47
199.25 5.12089785049e-47
199.5 5.12195628315e-47
199.75 5.12302609569e-47
200 5.12410727005e-47
200.25 5.12519978822e-47
200.5 5.12630363224e-47
200.75 5.12741878421e-47
201 5.12854522629e-47
201.25 5.12968294067e-47
201.5 5.13083190962e-47
201.75 5.13199211544e-47
202 5.13316354049e-47
202.25 5.13434616717e-47
202.5 5.13553997796e-47
202.75 5.13674495535e-47
203 5.13796108191e-47
203.25 5.13918834025e-47
203.5 5.14042671301e-47
203.75 5.14167618291e-47
204 5.1429367327e-47
204.25 5.14420834517e-47
204.5 5.14549100317e-47
204.75 5.14678468959e-47
205 5.14808938737e-47
205.25 5.14940507949e-47
205.5 5.15073174898e-47
205.75 5.1520693789e-47
206 5.15341795237e-47
206.25 5.15477745255e-47
206.5 5.15614786264e-47
206.75 5.15752916589e-47
207 5.15892134557e-47
207.25 5.16032438502e-47
207.5 5.16173826761e-47
207.75 5.16316297673e-47
208 5.16459849585e-47
208.25 5.16604480846e-47
208.5 5.16750189807e-47
208.75 5.16896974825e-47
209 5.17044834263e-47
209.25 5.17193766482e-47
209.5 5.17343769853e-47
209.75 5.17494842746e-47
210 5.17646983537e-47
210.25 5.17800190606e-47
210.5 5.17954462335e-47
210.75 5.1810979711e-47
211 5.18266193321e-47
211.25 5.18423649362e-47
211.5 5.18582163629e-47
211.75 5.18741734523e-47
212 5.18902360446e-47
212.25 5.19064039805e-47
212.5 5.19226771011e-47
212.75 5.19390552476e-47
213 5.19555382617e-47
213.25 5.19721259853e-47
213.5 5.19888182607e-47
213.75 5.20056149304e-47
214 5.20225158372e-47
214.25 5.20395208244e-47
214.5 5.20566297354e-47
214.75 5.20738424139e-47
215 5.20911587038e-47
215.25 5.21085784496e-47
215.5 5.21261014957e-47
215.75 5.2143727687e-47
216 5.21614568686e-47
216.25 5.21792888859e-47
216.5 5.21972235845e-47
216.75 5.22152608102e-47
217 5.22334004093e-47
217.25 5.2251642228e-47
217.5 5.22699861129e-47
217.75 5.2288431911e-47
218 5.23069794694e-47
218.25 5.23256286353e-47
218.5 5.23443792562e-47
218.75 5.236323118e-47
219 5.23821842547e-47
219.25 5.24012383284e-47
219.5 5.24203932495e-47
219.75 5.24396488667e-47
220 5.24590050288e-47
220.25 5.24784615847e-47
220.5 5.24980183838e-47
220.75 5.25176752753e-47
221 5.2537432109e-47
221.25 5.25572887344e-47
221.5 5.25772450017e-47
221.75 5.25973007609e-47
222 5.26174558622e-47
222.25 5.26377101563e-47
222.5 5.26580634936e-47
222.75 5.2678515725e-47
223 5.26990667013e-47
223.25 5.27197162738e-47
223.5 5.27404642936e-47
223.75 5.2761310612e-47
224 5.27822550807e-47
224.25 5.28032975512e-47
224.5 5.28244378753e-47
224.75 5.2845675905e-47
225 5.28670114922e-47
225.25 5.28884444892e-47
225.5 5.29099747483e-47
225.75 5.29316021217e-47
226 5.2953326462e-47
226.25 5.29751476217e-47
226.5 5.29970654537e-47
226.75 5.30190798107e-47
227 5.30411905455e-47
227.25 5.30633975112e-47
227.5 5.30857005608e-47
227.75 5.31080995475e-47
228 5.31305943245e-47
228.25 5.31531847451e-47
228.5 5.31758706627e-47
228.75 5.31986519307e-47
229 5.32215284027e-47
229.25 5.32444999322e-47
229.5 5.32675663728e-47
229.75 5.32907275782e-47
230 5.33139834022e-47
230.25 5.33373336984e-47
230.5 5.33607783208e-47
230.75 5.33843171231e-47
231 5.34079499593e-47
231.25 5.34316766833e-47
231.5 5.3455497149e-47
231.75 5.34794112103e-47
232 5.35034187214e-47
232.25 5.35275195361e-47
232.5 5.35517135084e-47
232.75 5.35760004925e-47
233 5.36003803423e-47
233.25 5.36248529119e-47
233.5 5.36494180553e-47
233.75 5.36740756265e-47
234 5.36988254795e-47
234.25 5.37236674683e-47
234.5 5.3748601447e-47
234.75 5.37736272694e-47
235 5.37987447895e-47
235.25 5.38239538613e-47
235.5 5.38492543385e-47
235.75 5.38746460751e-47
236 5.39001289249e-47
236.25 5.39257027416e-47
236.5 5.3951367379e-47
236.75 5.39771226906e-47
237 5.40029685302e-47
237.25 5.40289047514e-47
237.5 5.40549312075e-47
237.75 5.40810477521e-47
238 5.41072542386e-47
238.25 5.41335505202e-47
238.5 5.41599364502e-47
238.75 5.41864118817e-47
239 5.42129766678e-47
239.25 5.42396306616e-47
239.5 5.42663737158e-47
239.75 5.42932056834e-47
240 5.43201264171e-47
240.25 5.43471357694e-47
240.5 5.43742335929e-47
240.75 5.440141974e-47
241 5.4428694063e-47
241.25 5.44560564142e-47
241.5 5.44835066455e-47
241.75 5.4511044609e-47
242 5.45386701565e-47
242.25 5.45663831398e-47
242.5 5.45941834103e-47
242.75 5.46220708196e-47
243 5.4650045219e-47
243.25 5.46781064596e-47
243.5 5.47062543925e-47
243.75 5.47344888686e-47
244 5.47628097387e-47
244.25 5.47912168532e-47
244.5 5.48197100627e-47
244.75 5.48482892174e-47
245 5.48769541675e-47
245.25 5.49057047628e-47
245.5 5.49345408532e-47
245.75 5.49634622882e-47
246 5.49924689173e-47
246.25 5.50215605897e-47
246.5 5.50507371545e-47
246.75 5.50799984606e-47
247 5.51093443565e-47
247.25 5.5138774691e-47
247.5 5.51682893121e-47
247.75 5.5197888068e-47
248 5.52275708067e-47
248.25 5.52573373757e-47
248.5 5.52871876226e-47
248.75 5.53171213947e-47
249 5.53471385389e-47
249.25 5.53772389021e-47
249.5 5.54074223309e-47
249.75 5.54376886716e-47
250 5.54680377705e-47
250.25 5.54984694734e-47
250.5 5.5528983626e-47
250.75 5.55595800738e-47
251 5.55902586618e-47
251.25 5.56210192352e-47
251.5 5.56518616385e-47
251.75 5.56827857162e-47
252 5.57137913126e-47
252.25 5.57448782714e-47
252.5 5.57760464365e-47
252.75 5.58072956511e-47
253 5.58386257585e-47
253.25 5.58700366015e-47
253.5 5.59015280226e-47
253.75 5.59330998642e-47
254 5.59647519682e-47
254.25 5.59964841765e-47
254.5 5.60282963305e-47
254.75 5.60601882713e-47
255 5.60921598397e-47
255.25 5.61242108764e-47
255.5 5.61563412217e-47
255.75 5.61885507153e-47
256 5.62208391971e-47
256.25 5.62532065064e-47
256.5 5.62856524821e-47
256.75 5.6318176963e-47
257 5.63507797874e-47
257.25 5.63834607935e-47
257.5 5.64162198189e-47
257.75 5.64490567011e-47
258 5.64819712772e-47
258.25 5.65149633838e-47
258.5 5.65480328573e-47
258.75 5.65811795339e-47
259 5.66144032492e-47
259.25 5.66477038385e-47
259.5 5.6681081137e-47
259.75 5.67145349792e-47
260 5.67480651994e-47
260.25 5.67816716316e-47
260.5 5.68153541092e-47
260.75 5.68491124656e-47
261 5.68829465336e-47
261.25 5.69168561455e-47
261.5 5.69508411335e-47
261.75 5.69849013293e-47
262 5.70190365642e-47
262.25 5.7053246669e-47
262.5 5.70875314745e-47
262.75 5.71218908106e-47
263 5.71563245071e-47
263.25 5.71908323934e-47
263.5 5.72254142985e-47
263.75 5.72600700508e-47
264 5.72947994785e-47
264.25 5.73296024094e-47
264.5 5.73644786708e-47
264.75 5.73994280894e-47
265 5.74344504919e-47
265.25 5.74695457043e-47
265.5 5.75047135521e-47
265.75 5.75399538607e-47
266 5.75752664546e-47
266.25 5.76106511584e-47
266.5 5.76461077959e-47
266.75 5.76816361904e-47
267 5.77172361651e-47
267.25 5.77529075425e-47
267.5 5.77886501446e-47
267.75 5.78244637932e-47
268 5.78603483094e-47
268.25 5.78963035141e-47
268.5 5.79323292274e-47
268.75 5.79684252691e-47
269 5.80045914587e-47
269.25 5.8040827615e-47
269.5 5.80771335564e-47
269.75 5.81135091008e-47
270 5.81499540656e-47
270.25 5.81864682679e-47
270.5 5.82230515241e-47
270.75 5.82597036502e-47
271 5.82964244616e-47
271.25 5.83332137735e-47
271.5 5.83700714002e-47
271.75 5.84069971558e-47
272 5.84439908538e-47
272.25 5.84810523072e-47
272.5 5.85181813285e-47
272.75 5.85553777297e-47
273 5.85926413221e-47
273.25 5.86299719168e-47
273.5 5.86673693242e-47
273.75 5.87048333542e-47
274 5.87423638161e-47
274.25 5.87799605188e-47
274.5 5.88176232707e-47
274.75 5.88553518794e-47
275 5.88931461522e-47
275.25 5.89310058959e-47
275.5 5.89689309166e-47
275.75 5.90069210199e-47
276 5.90449760109e-47
276.25 5.9083095694e-47
276.5 5.91212798733e-47
276.75 5.91595283521e-47
277 5.91978409334e-47
277.25 5.92362174192e-47
277.5 5.92746576115e-47
277.75 5.93131613113e-47
278 5.93517283192e-47
278.25 5.93903584352e-47
278.5 5.94290514587e-47
278.75 5.94678071886e-47
279 5.95066254232e-47
279.25 5.954550596e-47
279.5 5.95844485963e-47
279.75 5.96234531285e-47
280 5.96625193525e-47
280.25 5.97016470637e-47
280.5 5.97408360567e-47
280.75 5.97800861257e-47
281 5.98193970642e-47
281.25 5.98587686651e-47
281.5 5.98982007207e-47
281.75 5.99376930227e-47
282 5.99772453621e-47
282.25 6.00168575295e-47
282.5 6.00565293146e-47
282.75 6.00962605066e-47
283 6.01360508942e-47
283.25 6.01759002653e-47
283.5 6.02158084073e-47
283.75 6.02557751068e-47
284 6.029580015e-47
284.25 6.03358833221e-47
284.5 6.03760244082e-47
284.75 6.04162231921e-47
285 6.04564794576e-47
285.25 6.04967929874e-47
285.5 6.05371635637e-47
285.75 6.0577590968e-47
286 6.06180749814e-47
286.25 6.06586153839e-47
286.5 6.06992119553e-47
286.75 6.07398644742e-47
287 6.07805727192e-47
287.25 6.08213364676e-47
287.5 6.08621554964e-47
287.75 6.09030295819e-47
288 6.09439584996e-47
288.25 6.09849420243e-47
288.5 6.10259799304e-47
288.75 6.10670719912e-47
289 6.11082179796e-47
289.25 6.11494176678e-47
289.5 6.11906708272e-47
289.75 6.12319772285e-47
290 6.12733366419e-47
290.25 6.13147488367e-47
290.5 6.13562135815e-47
290.75 6.13977306444e-47
291 6.14392997925e-47
291.25 6.14809207925e-47
291.5 6.15225934101e-47
291.75 6.15643174105e-47
292 6.16060925581e-47
292.25 6.16479186167e-47
292.5 6.16897953491e-47
292.75 6.17317225176e-47
293 6.17736998839e-47
293.25 6.18157272086e-47
293.5 6.18578042519e-47
293.75 6.18999307731e-47
294 6.19421065308e-47
294.25 6.19843312829e-47
294.5 6.20266047866e-47
294.75 6.20689267982e-47
295 6.21112970734e-47
295.25 6.21537153672e-47
295.5 6.21961814337e-47
295.75 6.22410418251e-47
296 6.22846850459e-47
296.25 6.23289148802e-47
296.5 6.23740270702e-47
296.75 6.24204996345e-47
297 6.24691215518e-47
297.25 6.25212277242e-47
297.5 6.25791447852e-47
297.75 6.26470768484e-47
298 6.27329670656e-47
298.25 6.28526929758e-47
298.5 6.30404008125e-47
298.75 6.33771218756e-47
299 6.40635208729e-47
299.25 6.51687123063e-47
299.5 6.85082835619e-47
299.75 9.13813769039e-47
300 5.10869020098e-46
300.25 7.55376694536e-47
300.5 6.67756979775e-47
300.75 6.48532723745e-47
301 6.4072397844e-47
301.25 6.36528302435e-47
301.5 6.34821427825e-47
301.75 6.34171168334e-47
302 6.34020104094e-47
302.25 6.34123610435e-47
302.5 6.34364605311e-47
302.75 6.34683259777e-47
303 6.35047400917e-47
303.25 6.35439007831e-47
303.5 6.35847645279e-47
303.75 6.36227082591e-47
304 6.36666468584e-47
304.25 6.37106241397e-47
304.5 6.37546398287e-47
304.75 6.37986936507e-47
305 6.38427853298e-47
305.25 6.38869145895e-47
305.5 6.39310811525e-47
305.75 6.39752847404e-47
306 6.40195250742e-47
306.25 6.40638018741e-47
306.5 6.41081148593e-47
306.75 6.41524637482e-47
307 6.41968482586e-47
307.25 6.4241268107e-47
307.5 6.42857230096e-47
307.75 6.43302126812e-47
308 6.43747368363e-47
308.25 6.44192951881e-47
308.5 6.44852008891e-47
308.75 6.45353486975e-47
309 6.45870681963e-47
309.25 6.46408263711e-47
309.5 6.46972471921e-47
309.75 6.47571707354e-47
310 6.48217375452e-47
310.25 6.48925105497e-47
310.5 6.49716537406e-47
310.75 6.50621981721e-47
311 6.51684449281e-47
311.25 6.5296587682e-47
311.5 6.54556960725e-47
311.75 6.56593086934e-47
312 6.59280893165e-47
312.25 6.62944066532e-47
312.5 6.68105454548e-47
312.75 6.75641254884e-47
313 6.87087107271e-47
313.25 7.05288513135e-47
313.5 7.31142975734e-47
313.75 7.64838890408e-47
314 8.25797615625e-47
314.25 9.54704875443e-47
314.5 1.31065047231e-46
314.75 3.07605136333e-46
315 4.20752410246e-44
315.25 4.00334553885e-46
315.5 1.42203277855e-46
315.75 9.87335559474e-47
316 8.40564071807e-47
316.25 7.74107396731e-47
316.5 7.38640076088e-47
316.75 7.13709559843e-47
317 6.95333895409e-47
317.25 6.84257011958e-47
317.5 6.7735394743e-47
317.75 6.72959604372e-47
318 6.70134047611e-47
318.25 6.68321575806e-47
318.5 6.67180980965e-47
318.75 6.66496054658e-47
319 6.66126105737e-47
319.25 6.65977482402e-47
319.5 6.65986612425e-47
319.75 6.6610960043e-47
320 6.66315681098e-47
320.25 6.66583005086e-47
320.5 6.66895871921e-47
320.75 6.67242880561e-47
321 6.67615673579e-47
321.25 6.68008072227e-47
321.5 6.68219869948e-47
321.75 6.6867942304e-47
322 6.69139147001e-47
322.25 6.6959903847e-47
322.5 6.70059094076e-47
322.75 6.70519310436e-47
323 6.70979684162e-47
323.25 6.71440211854e-47
323.5 6.71900890104e-47
323.75 6.72361715494e-47
324 6.72822684597e-47
324.25 6.73283793978e-47
324.5 6.7374504019e-47
324.75 6.7420641978e-47
325 6.74667929284e-47
325.25 6.75129565227e-47
325.5 6.75591324129e-47
325.75 6.76053202497e-47
326 6.7651519683e-47
326.25 6.76977303619e-47
326.5 6.77439519344e-47
326.75 6.77901840475e-47
327 6.78364263475e-47
327.25 6.78826784797e-47
327.5 6.79289400883e-47
327.75 7.54611399211e-47
328 7.96174008133e-47
328.25 8.62337754805e-47
328.5 9.69502078988e-47
328.75 1.14654294642e-46
329 1.4459343017e-46
329.25 1.96679477401e-46
329.5 2.90563641903e-46
329.75 4.6770024463e-46
330 8.23014695645e-46
330.25 1.59990458666e-45
330.5 3.48820295787e-45
330.75 7.01964647415e-45
331 2.12162187462e-44
331.25 3.2765084717e-43
331.5 8.68913800855e-44
331.75 1.37597244039e-44
332 5.38843600665e-45
332.25 2.65437117234e-45
332.5 1.25324495493e-45
332.75 6.65092780753e-46
333 3.8870765689e-46
333.25 2.48496569746e-46
333.5 1.73332031037e-46
333.75 1.31329670661e-46
334 1.07090028488e-46
334.25 9.27393098863e-47
334.5 8.4067070078e-47
334.75 6.92730166778e-47
335 6.93193925594e-47
335.25 6.93657664279e-47
335.5 6.94121378977e-47
335.75 6.94585065824e-47
336 6.95048720944e-47
336.25 6.95512340454e-47
336.5 6.95975920459e-47
336.75 6.96439457057e-47
337 6.96902946335e-47
337.25 6.97366384372e-47
337.5 6.97829767237e-47
337.75 6.98293090989e-47
338 6.9875635168e-47
338.25 6.9921954535e-47
338.5 6.99682668031e-47
338.75 7.00145715744e-47
339 7.00608684504e-47
339.25 7.01071570315e-47
339.5 7.01534369169e-47
339.75 7.01997077054e-47
340 7.02459689944e-47
340.25 7.02922203806e-47
340.5 7.03384614597e-47
340.75 7.03846918266e-47
341 7.04309110751e-47
341.25 7.04771187982e-47
341.5 7.05233145878e-47
341.75 7.05694980351e-47
342 7.06156687302e-47
342.25 7.06618262625e-47
342.5 7.07079702201e-47
342.75 7.07541001906e-47
343 7.08002157603e-47
343.25 7.08463165149e-47
343.5 7.0892402039e-47
343.75 7.09384719163e-47
344 7.09845257295e-47
344.25 7.10305630607e-47
344.5 7.10765834908e-47
344.75 7.11225865998e-47
345 7.11685719668e-47
345.25 7.12145391701e-47
345.5 7.1260487787e-47
345.75 7.1306417394e-47
346 7.13523275664e-47
346.25 7.13982178789e-47
346.5 7.14440879052e-47
346.75 7.14899372181e-47
347 7.15357653893e-47
347.25 7.15815719899e-47
347.5 7.162735659e-47
347.75 7.16731187587e-47
348 7.17188580642e-47
348.25 7.1764574074e-47
348.5 7.18102663545e-47
348.75 7.18559344712e-47
349 7.19015779888e-47
349.25 7.19471964712e-47
349.5 7.19927894812e-47
349.75 7.20383565809e-47
350 7.20838973312e-47
350.25 7.21294112925e-47
350.5 7.21748980242e-47
350.75 7.22203570845e-47
351 7.22657880313e-47
351.25 7.2311190421e-47
351.5 7.23565638096e-47
351.75 7.2401907752e-47
352 7.24472218022e-47
352.25 7.24925055135e-47
352.5 7.25377584382e-47
352.75 7.25829801277e-47
353 7.26281701326e-47
353.25 7.26733280026e-47
353.5 7.27184532865e-47
353.75 7.27635455324e-47
354 7.28086042874e-47
354.25 7.28536290978e-47
354.5 7.28986195089e-47
354.75 7.29435750654e-47
355 7.29884953109e-47
355.25 7.30333797883e-47
355.5 7.30782280396e-47
355.75 7.31230396059e-47
356 7.31678140277e-47
356.25 7.32125508443e-47
356.5 7.32572495943e-47
356.75 7.33019098157e-47
357 7.33465310454e-47
357.25 7.33911128194e-47
357.5 7.34356546732e-47
357.75 7.34801561411e-47
358 7.35246167568e-47
358.25 7.35690360531e-47
358.5 7.36134135621e-47
358.75 7.3657748815e-47
359 7.3702041342e-47
359.25 7.37462906728e-47
359.5 7.37904963361e-47
359.75 7.38346578598e-47
360 7.38787747712e-47
360.25 7.39228465964e-47
360.5 7.3966872861e-47
360.75 7.40108530898e-47
361 7.40547868067e-47
361.25 7.40986735349e-47
361.5 7.41425127966e-47
361.75 7.41863041136e-47
362 7.42300470064e-47
362.25 7.42737409953e-47
362.5 7.43173855993e-47
362.75 7.43609803369e-47
363 7.44045247259e-47
363.25 7.44480182831e-47
363.5 7.44914605246e-47
363.75 7.45348509659e-47
364 7.45781891216e-47
364.25 7.46214745055e-47
364.5 7.46647066307e-47
364.75 7.47078850097e-47
365 7.4751009154e-47
365.25 7.47940785744e-47
365.5 7.48370927812e-47
365.75 7.48800512837e-47
366 7.49229535905e-47
366.25 7.49657992097e-47
366.5 7.50085876483e-47
366.75 7.50513184129e-47
367 7.50939910091e-47
367.25 7.51366049422e-47
367.5 7.51791597163e-47
367.75 7.52216548351e-47
368 7.52640898015e-47
368.25 7.53064641176e-47
368.5 7.53487772851e-47
368.75 7.53910288047e-47
369 7.54332181764e-47
369.25 7.54753448998e-47
369.5 7.55174084736e-47
369.75 7.55594083958e-47
370 7.56013441639e-47
370.25 7.56432152745e-47
370.5 7.56850212236e-47
370.75 7.57267615067e-47
371 7.57684356185e-47
371.25 7.5810043053e-47
371.5 7.58515833036e-47
371.75 7.5893055863e-47
372 7.59344602235e-47
372.25 7.59757958763e-47
372.5 7.60170623125e-47
372.75 7.60582590221e-47
373 7.60993854947e-47
373.25 7.61404412193e-47
373.5 7.61814256841e-47
373.75 7.6222338377e-47
374 7.62631787849e-47
374.25 7.63039463943e-47
374.5 7.63446406912e-47
374.75 7.63852611608e-47
375 7.64258072878e-47
375.25 7.64662785563e-47
375.5 7.65066744497e-47
375.75 7.65469944511e-47
376 7.65872380427e-47
376.25 7.66274047064e-47
376.5 7.66674939234e-47
376.75 7.67075051742e-47
377 7.6747437939e-47
377.25 7.67872916974e-47
377.5 7.68270659282e-47
377.75 7.686676011e-47
378 7.69063737207e-47
378.25 7.69459062375e-47
378.5 7.69853571375e-47
378.75 7.70247258967e-47
379 7.70640119912e-47
379.25 7.7103214896e-47
379.5 7.71423340861e-47
379.75 7.71813690357e-47
380 7.72203192184e-47
380.25 7.72591841077e-47
380.5 7.72979631762e-47
380.75 7.73366558964e-47
381 7.73752617399e-47
381.25 7.74137801781e-47
381.5 7.74522106819e-47
381.75 7.74905527217e-47
382 7.75288057674e-47
382.25 7.75669692886e-47
382.5 7.76050427543e-47
382.75 7.76430256331e-47
383 7.76809173932e-47
383.25 7.77187175023e-47
383.5 7.77564254276e-47
383.75 7.77940406362e-47
384 7.78315625945e-47
384.25 7.78689907685e-47
384.5 7.79063246239e-47
384.75 7.7943563626e-47
385 7.79807072397e-47
385.25 7.80177549294e-47
385.5 7.80547061592e-47
385.75 7.80915603929e-47
386 7.81283170938e-47
386.25 7.8164975725e-47
386.5 7.8201535749e-47
386.75 7.82379966282e-47
387 7.82743578244e-47
387.25 7.83106187994e-47
387.5 7.83467790143e-47
387.75 7.83828379302e-47
388 7.84187950075e-47
388.25 7.84546497067e-47
388.5 7.84904014877e-47
388.75 7.85260498103e-47
389 7.85615941337e-47
389.25 7.85970339171e-47
389.5 7.86323686194e-47
389.75 7.8667597699e-47
390 7.87027206142e-47
390.25 7.87377368231e-47
390.5 7.87726457834e-47
390.75 7.88074469525e-47
391 7.88421397877e-47
391.25 7.8876723746e-47
391.5 7.89111982842e-47
391.75 7.89455628588e-47
392 7.89798169261e-47
392.25 7.90139599423e-47
392.5 7.90479913632e-47
392.75 7.90819106445e-47
393 7.91157172418e-47
393.25 7.91494106104e-47
393.5 7.91829902054e-47
393.75 7.92164554817e-47
394 7.92498058942e-47
394.25 7.92830408975e-47
394.5 7.93161599461e-47
394.75 7.93491624943e-47
395 7.93820479963e-47
395.25 7.94148159062e-47
395.5 7.94474656779e-47
395.75 7.94799967653e-47
396 7.9512408622e-47
396.25 7.95447007017e-47
396.5 7.95768724579e-47
396.75 7.96089233439e-47
397 7.96408528132e-47
397.25 7.96726603191e-47
397.5 7.97043453145e-47
397.75 7.97359072529e-47
398 7.97673455871e-47
398.25 7.97986597702e-47
398.5 7.98298492553e-47
398.75 7.98609134953e-47
399 7.98918519431e-47
399.25 7.99226640516e-47
399.5 7.99533492739e-47
399.75 7.99839070626e-47
400 8.00143368709e-47
400.25 8.00446381516e-47
400.5 8.00748103577e-47
400.75 8.01048529421e-47
401 8.01347653579e-47
401.25 8.01645470581e-47
401.5 8.01941974959e-47
401.75 8.02237161243e-47
402 8.02531023967e-47
402.25 8.02823557664e-47
402.5 8.03114756867e-47
402.75 8.03404616112e-47
403 8.03693129933e-47
403.25 8.03980292869e-47
403.5 8.04266099458e-47
403.75 8.04550544238e-47
404 8.0483362175e-47
404.25 8.05115326536e-47
404.5 8.0539565314e-47
404.75 8.05674596106e-47
405 8.05952149981e-47
405.25 8.06228309314e-47
405.5 8.06503068655e-47
405.75 8.06776422555e-47
406 8.07048365569e-47
406.25 8.07318892252e-47
406.5 8.07587997163e-47
406.75 8.07855674863e-47
407 8.08121919912e-47
407.25 8.08386726878e-47
407.5 8.08650090326e-47
407.75 8.08912004827e-47
408 8.09172464954e-47
408.25 8.09431465282e-47
408.5 8.09689000388e-47
408.75 8.09945064855e-47
409 8.10199653265e-47
409.25 8.10452760207e-47
409.5 8.10704380269e-47
409.75 8.10954508046e-47
410 8.11203138133e-47
410.25 8.11450265132e-47
410.5 8.11695883645e-47
410.75 8.11939988281e-47
411 8.12182573648e-47
411.25 8.12423634363e-47
411.5 8.12663165043e-47
411.75 8.1290116031e-47
412 8.13137614792e-47
412.25 8.13372523118e-47
412.5 8.13605879922e-47
412.75 8.13837679845e-47
413 8.14067917528e-47
413.25 8.1429658762e-47
413.5 8.14523684773e-47
413.75 8.14749203644e-47
414 8.14973138894e-47
414.25 8.1519548519e-47
414.5 8.15416237203e-47
414.75 8.1563538961e-47
415 8.15852937092e-47
415.25 8.16068874335e-47
415.5 8.16283196031e-47
415.75 8.16495896879e-47
416 8.16706971579e-47
416.25 8.16916414842e-47
416.5 8.1712422138e-47
416.75 8.17330385914e-47
417 8.17534903168e-47
417.25 8.17737767875e-47
417.5 8.17938974772e-47
417.75 8.18138518602e-47
418 8.18336394116e-47
418.25 8.18532596069e-47
418.5 8.18727119223e-47
418.75 8.18919958349e-47
419 8.19111108221e-47
419.25 8.19300563622e-47
419.5 8.19488319341e-47
419.75 8.19674370173e-47
420 8.19858710922e-47
420.25 8.20041336398e-47
420.5 8.20222241418e-47
420.75 8.20401420806e-47
421 8.20578869394e-47
421.25 8.20754582021e-47
421.5 8.20928553535e-47
421.75 8.21100778789e-47
422 8.21271252646e-47
422.25 8.21439969975e-47
422.5 8.21606925655e-47
422.75 8.21772114572e-47
423 8.2193553162e-47
423.25 8.22097171701e-47
423.5 8.22257029726e-47
423.75 8.22415100615e-47
424 8.22571379294e-47
424.25 8.22725860701e-47
424.5 8.2287853978e-47
424.75 8.23029411485e-47
425 8.2317847078e-47
425.25 8.23325712635e-47
425.5 8.23471132033e-47
425.75 8.23614723962e-47
426 8.23756483424e-47
426.25 8.23896405426e-47
426.5 8.24034484988e-47
426.75 8.24170717138e-47
427 8.24305096913e-47
427.25 8.24437619361e-47
427.5 8.2456827954e-47
427.75 8.24697072518e-47
428 8.24823993372e-47
428.25 8.24949037191e-47
428.5 8.25072199074e-47
428.75 8.25193474128e-47
429 8.25312857474e-47
429.25 8.25430344241e-47
429.5 8.25545929571e-47
429.75 8.25659608615e-47
430 8.25771376537e-47
430.25 8.25881228508e-47
430.5 8.25989159716e-47
430.75 8.26095165355e-47
431 8.26199240633e-47
431.25 8.2630138077e-47
431.5 8.26401580995e-47
431.75 8.26499836552e-47
432 8.26596142693e-47
432.25 8.26690494686e-47
432.5 8.26782887808e-47
432.75 8.2687331735e-47
433 8.26961778612e-47
433.25 8.27048266911e-47
433.5 8.27132777572e-47
433.75 8.27215305935e-47
434 8.27295847353e-47
434.25 8.2737439719e-47
434.5 8.27450950824e-47
434.75 8.27525503645e-47
435 8.27598051057e-47
435.25 8.27668588476e-47
435.5 8.27737111333e-47
435.75 8.27803615071e-47
436 8.27868095146e-47
436.25 8.27930547029e-47
436.5 8.27990966204e-47
436.75 8.28049348168e-47
437 8.28105688434e-47
437.25 8.28159982527e-47
437.5 8.28212225986e-47
437.75 8.28262414365e-47
438 8.28310543233e-47
438.25 8.28356608172e-47
438.5 8.28400604779e-47
438.75 8.28442528666e-47
439 8.28482375459e-47
439.25 8.285201408e-47
439.5 8.28555820344e-47
439.75 8.28589409763e-47
440 8.28620904743e-47
440.25 8.28650300985e-47
440.5 8.28677594207e-47
440.75 8.28702780141e-47
441 8.28725854535e-47
441.25 8.28746813153e-47
441.5 8.28765651773e-47
441.75 8.28782366191e-47
442 8.28796952218e-47
442.25 8.28809405682e-47
442.5 8.28819722427e-47
442.75 8.28827898311e-47
443 8.28833929211e-47
443.25 8.2883781102e-47
443.5 8.28839539648e-47
443.75 8.2883911102e-47
444 8.2883652108e-47
444.25 8.28831765786e-47
444.5 8.28824841117e-47
444.75 8.28815743066e-47
445 8.28804467645e-47
445.25 8.28791010881e-47
445.5 8.28775368822e-47
445.75 8.28757537531e-47
446 8.28737513089e-47
446.25 8.28715291596e-47
446.5 8.28690869169e-47
446.75 8.28664241942e-47
447 8.28635406069e-47
447.25 8.28604357721e-47
447.5 8.28571093087e-47
447.75 8.28535608377e-47
448 8.28497899816e-47
448.25 8.2845796365e-47
448.5 8.28415796143e-47
448.75 8.28371393577e-47
449 8.28324752254e-47
449.25 8.28275868495e-47
449.5 8.28224738639e-47
449.75 8.28171359047e-47
450 8.28115726096e-47
450.25 8.28057836185e-47
450.5 8.2799768573e-47
450.75 8.2793527117e-47
451 8.27870588961e-47
451.25 8.2780363558e-47
451.5 8.27734407524e-47
451.75 8.2766290131e-47
452 8.27589113475e-47
452.25 8.27513040576e-47
452.5 8.27434679191e-47
452.75 8.27354025919e-47
453 8.27271077378e-47
453.25 8.27185830208e-47
453.5 8.2709828107e-47
453.75 8.27008426645e-47
454 8.26916263634e-47
454.25 8.26821788763e-47
454.5 8.26724998774e-47
454.75 8.26625890435e-47
455 8.26524460533e-47
455.25 8.26420705877e-47
455.5 8.26314623296e-47
455.75 8.26206209645e-47
456 8.26095461796e-47
456.25 8.25982376646e-47
456.5 8.25866951113e-47
456.75 8.25749182137e-47
457 8.2968194798e-47
457.25 8.29662826165e-47
457.5 8.29644160214e-47
457.75 8.29626029189e-47
458 8.2960851477e-47
458.25 8.29591701346e-47
458.5 8.29575676107e-47
458.75 8.29560529139e-47
459 8.2954635353e-47
459.25 8.29533245466e-47
459.5 8.29521304345e-47
459.75 8.29510632887e-47
460 8.29501337252e-47
460.25 8.29493527159e-47
460.5 8.29487316011e-47
460.75 8.2948282103e-47
461 8.29480163389e-47
461.25 8.29479468351e-47
461.5 8.29480865424e-47
461.75 8.29484488504e-47
462 8.29490476039e-47
462.25 8.29498971192e-47
462.5 8.29510122012e-47
462.75 8.29524081614e-47
463 8.29541008364e-47
463.25 8.2956106607e-47
463.5 8.29584424185e-47
463.75 8.29611258015e-47
464 8.29641748938e-47
464.25 8.29676084628e-47
464.5 8.29714459294e-47
464.75 8.29757073922e-47
465 8.29804136537e-47
465.25 8.29855862463e-47
465.5 8.29912474603e-47
465.75 8.29974203734e-47
466 8.30041288799e-47
466.25 8.30113977232e-47
466.5 8.30192525278e-47
466.75 8.30277198342e-47
467 8.3036827134e-47
467.25 8.30466029078e-47
467.5 8.30570766635e-47
467.75 8.30682789772e-47
468 8.30802415357e-47
468.25 8.30929971804e-47
468.5 8.31065799536e-47
468.75 8.3121025147e-47
469 8.31363693518e-47
469.25 8.31526505117e-47
469.5 8.31699079777e-47
469.75 8.31881825658e-47
470 8.32075166171e-47
470.25 8.32279540612e-47
470.5 8.32495404812e-47
470.75 8.32723231835e-47
471 8.32963512693e-47
471.25 8.33216757106e-47
471.5 8.33483494286e-47
471.75 8.33764273771e-47
472 8.34059666288e-47
472.25 8.34370264665e-47
472.5 8.34696684778e-47
472.75 8.35039566554e-47
473 8.35399575014e-47
473.25 8.35777401372e-47
473.5 8.36173764185e-47
473.75 8.36589410564e-47
474 8.37025117436e-47
474.25 8.37481692881e-47
474.5 8.37959977525e-47
474.75 8.38460846012e-47
475 8.38985208542e-47
475.25 8.39534012496e-47
475.5 8.40108244139e-47
475.75 8.4070893041e-47
476 8.41337140809e-47
476.25 8.41993989382e-47
476.5 8.42680636803e-47
476.75 8.43398292576e-47
477 8.44148217348e-47
477.25 8.44931725348e-47
477.5 8.45750186952e-47
477.75 8.46605031395e-47
478 8.47497749626e-47
478.25 8.48429897319e-47
478.5 8.49403098048e-47
478.75 8.50419046646e-47
479 8.51479512744e-47
479.25 8.52586344513e-47
479.5 8.53741472612e-47
479.75 8.54946914371e-47
480 8.56204778204e-47
480.25 8.57517268282e-47
480.5 8.58886689478e-47
480.75 8.60315452595e-47
481 8.61806079914e-47
481.25 8.63361211058e-47
481.5 8.64983609217e-47
481.75 8.66676167741e-47
482 8.68441917135e-47
482.25 8.70284032487e-47
482.5 8.7220584134e-47
482.75 8.74210832067e-47
483 8.76302662754e-47
483.25 8.78485170659e-47
483.5 8.80762382255e-47
483.75 8.83138523924e-47
484 8.85618033339e-47
484.25 8.88205571581e-47
484.5 8.90893635468e-47
484.75 8.93600619165e-47
485 8.9621783339e-47
485.25 8.98637367059e-47
485.5 9.00752539597e-47
485.75 9.02458468325e-47
486 9.03652792341e-47
486.25 9.04236545974e-47
486.5 9.04115171909e-47
486.75 9.03199660515e-47
487 9.01407797931e-47
487.25 8.98665501277e-47
487.5 8.94908214894e-47
487.75 8.90082337205e-47
488 8.84146643629e-47
488.25 8.77073667289e-47
488.5 8.68850996271e-47
488.75 8.59482444144e-47
489 8.48989049547e-47
489.25 8.37409861177e-47
489.5 8.2480246663e-47
489.75 8.11243227354e-47
490 7.96827187613e-47
490.25 7.81667632799e-47
490.5 7.65895281555e-47
490.75 7.49657106815e-47
491 7.33114792755e-47
491.25 7.16442847337e-47
491.5 6.99826403187e-47
491.75 6.83458752414e-47
492 6.6753867304e-47
492.25 6.52267687048e-47
492.5 6.37903194941e-47
492.75 6.24828220043e-47
493 6.13380409626e-47
493.25 6.03824815008e-47
493.5 5.96361037552e-47
493.75 5.91131812222e-47
494 5.88232269324e-47
494.25 5.87719268112e-47
494.5 5.89620350882e-47
494.75 5.93942010192e-47
495 6.00677087036e-47
495.25 6.09811220229e-47
495.5 6.21328346412e-47
495.75 6.35215307404e-47
496 6.51465660069e-47
496.25 6.7008280706e-47
496.5 6.91082578317e-47
496.75 7.14495396853e-47
497 7.40368161038e-47
497.25 7.6876597244e-47
497.5 7.99773835451e-47
497.75 8.33498454813e-47
498 8.70070261845e-47
498.25 9.09645811964e-47
498.5 9.52410717896e-47
498.75 9.98583318601e-47
499 1.04841933888e-46
499.25 1.10036291782e-46
499.5 1.13905986844e-46
499.75 1.18072539664e-46
500 1.22568120349e-46
500.25 1.27432332648e-46
500.5 1.32710520876e-46
500.75 1.38453021115e-46
501 1.44721170575e-46
501.25 1.53845806627e-46
501.5 1.64853072535e-46
501.75 1.82675637232e-46
502 2.20113649201e-46
502.25 3.25169224264e-46
502.5 7.29814900633e-46
502.75 2.8414823367e-45
503 4.27710050102e-44
503.25 1.05976088387e-44
503.5 1.8309670766e-45
503.75 6.1459593489e-46
504 4.10557528129e-46
504.25 3.84325686619e-46
504.5 4.07352035557e-46
504.75 4.47837177902e-46
505 5.10441865593e-46
505.25 5.87587456994e-46
505.5 6.83136195553e-46
505.75 1.60832719194e-45
506 2.25029067858e-45
506.25 3.26042266092e-45
506.5 4.89719212565e-45
506.75 9.24628745879e-45
507 1.49163208368e-44
507.25 2.50245811347e-44
507.5 4.39841258508e-44
507.75 8.20192142269e-44
508 1.65906908909e-43
508.25 3.7982999303e-43
508.5 8.04547109586e-43
508.75 2.74185187105e-42
509 1.9046188661e-40
509.25 4.87010457162e-42
509.5 1.7707836777e-42
509.75 2.09223378509e-42
510 4.72343079516e-42
510.25 3.70998989245e-41
510.5 4.98150235365e-41
510.75 5.03142998704e-42
511 1.80715998594e-42
511.25 8.87125128048e-43
511.5 4.29017371398e-43
511.75 2.48988124416e-43
512 1.72811269569e-43
512.25 1.42458447307e-43
512.5 1.42324337507e-43
512.75 1.85340052501e-43
513 5.08005346023e-43
513.25 1.30984265104e-41
513.5 3.16811375051e-43
513.75 1.53058301996e-43
514 1.17413200599e-43
514.25 1.01882358675e-43
514.5 9.16134277338e-44
514.75 8.28502925133e-44
515 7.44317542297e-44
515.25 6.60408181255e-44
515.5 5.77019349301e-44
515.75 4.9865642449e-44
516 7.42440603827e-43
516.25 3.48818094688e-44
516.5 2.79397719197e-44
516.75 2.22478457446e-44
517 1.74609121749e-44
517.25 1.35208010524e-44
517.5 1.03516320763e-44
517.75 7.85419190095e-45
518 5.92123301166e-45
518.25 4.44838702001e-45
518.5 3.34095752829e-45
518.75 2.51734200642e-45
519 1.90999429826e-45
519.25 1.46479187797e-45
519.5 1.13951576963e-45
519.75 9.01960764698e-46
520 7.28015238595e-46
520.25 5.99905693501e-46
520.5 5.04696926307e-46
520.75 4.33070822493e-46
521 3.78367518502e-46
521.25 3.35853686348e-46
521.5 3.02176689057e-46
521.75 2.74964782491e-46
522 2.52538578229e-46
522.25 2.33705244895e-46
522.5 2.17613071294e-46
522.75 2.03649401768e-46
523 1.91369364232e-46
523.25 1.80446257891e-46
523.5 1.70637072078e-46
523.75 1.61758526834e-46
524 1.53670410216e-46
524.25 1.46262110061e-46
524.5 1.3944262657e-46
524.75 1.33139902505e-46
525 1.27296290815e-46
525.25 1.21864777177e-46
525.5 1.16806434187e-46
525.75 1.12088671493e-46
526 1.07684012696e-46
526.25 1.0356922971e-46
526.5 9.97247262691e-47
526.75 9.61340999677e-47
527 9.27838357878e-47
527.25 8.93499004165e-47
527.5 8.49833695775e-47
527.75 8.09618313349e-47
528 7.72708548363e-47
528.25 7.38994856807e-47
528.5 7.08401385832e-47
528.75 6.80884901316e-47
529 6.56433438251e-47
529.25 6.35064336441e-47
529.5 6.16821256994e-47
529.75 6.01769708656e-47
530 5.8999055942e-47
530.25 5.81570985623e-47
530.5 5.76592340865e-47
530.75 5.75114538068e-47
531 5.77156759507e-47
531.25 5.82674668955e-47
531.5 5.91534814144e-47
531.75 6.03487574372e-47
532 6.18143843162e-47
532.25 6.35101483542e-47
532.5 6.54071328968e-47
532.75 6.74751575155e-47
533 6.96821044334e-47
533.25 7.19945341121e-47
533.5 7.43783510449e-47
533.75 7.6799492834e-47
534 7.92246157394e-47
534.25 8.16217513698e-47
534.5 8.3960911864e-47
534.75 8.62146245343e-47
535 8.83583812422e-47
535.25 9.03709924306e-47
535.5 9.22348404799e-47
535.75 9.39360316e-47
536 9.54644496122e-47
536.25 9.68137185323e-47
536.5 9.79810837334e-47
536.75 9.89672235813e-47
537 9.97760047909e-47
537.25 1.00414195392e-46
537.5 1.00891149182e-46
537.75 1.01218474989e-46
538 1.01409703077e-46
538.25 1.01479959717e-46
538.5 1.01445659446e-46
538.75 1.01324222946e-46
539 1.01133826865e-46
539.25 1.00893190439e-46
539.5 1.0062140239e-46
539.75 1.00337790458e-46
540 1.00060989186e-46
540.25 9.97984629276e-47
540.5 9.95497102268e-47
540.75 9.93140938448e-47
541 9.90910100203e-47
541.25 9.88798864914e-47
541.5 9.86801806463e-47
541.75 9.8491377797e-47
542 9.83129895637e-47
542.25 9.81445523653e-47
542.5 9.79856260057e-47
542.75 9.78357923504e-47
543 9.76946540863e-47
543.25 9.75618335604e-47
543.5 9.74369716895e-47
543.75 9.73197269382e-47
544 9.72097743593e-47
544.25 9.71068046925e-47
544.5 9.70105235181e-47
544.75 9.69206504615e-47
545 9.68369184444e-47
545.25 9.67590729818e-47
545.5 9.66868715189e-47
545.75 9.66200828082e-47
546 9.65584863214e-47
546.25 9.65018716965e-47
546.5 9.64500382159e-47
546.75 9.64027943143e-47
547 9.63599571148e-47
547.25 9.63213519906e-47
547.5 9.62868121518e-47
547.75 9.62561782548e-47
548 9.62292980331e-47
548.25 9.62060259489e-47
548.5 9.61862228635e-47
548.75 9.6169755725e-47
549 9.61564972739e-47
549.25 9.61463257638e-47
549.5 9.61391246966e-47
549.75 9.61347825733e-47
550 9.61331926559e-47
550.25 9.61342527431e-47
550.5 9.61378649575e-47
550.75 9.61439355438e-47
551 9.61523746765e-47
551.25 9.61630962793e-47
551.5 9.61760178518e-47
551.75 9.61910603062e-47
552 9.62081478118e-47
552.25 9.62272076474e-47
552.5 9.62481700608e-47
552.75 9.62709681359e-47
553 9.62955376655e-47
553.25 9.63218170313e-47
553.5 9.63497470889e-47
553.75 9.63792710588e-47
554 9.6410334423e-47
554.25 9.64428848258e-47
554.5 9.64768719801e-47
554.75 9.65122475778e-47
555 9.65489652043e-47
555.25 9.65869802576e-47
555.5 9.66262498705e-47
555.75 9.66667328371e-47
556 9.67083895423e-47
556.25 9.67511818945e-47
556.5 9.6795073262e-47
556.75 9.68400284117e-47
557 9.68860134507e-47
557.25 9.69329957708e-47
557.5 9.69809439957e-47
557.75 9.70298279297e-47
558 9.70796185098e-47
558.25 9.7130287759e-47
558.5 9.71818087426e-47
558.75 9.72341555256e-47
559 9.72873031325e-47
559.25 9.73412275085e-47
559.5 9.73959054829e-47
559.75 9.74513147336e-47
560 9.75074337533e-47
560.25 9.75642418176e-47
560.5 9.76217189535e-47
560.75 9.76798459102e-47
561 9.77386041308e-47
561.25 9.77979757251e-47
561.5 9.78579434436e-47
561.75 9.79184906526e-47
562 9.79796013108e-47
562.25 9.80412599457e-47
562.5 9.81034516326e-47
562.75 9.81661619732e-47
563 9.82293770753e-47
563.25 9.82930835341e-47
563.5 9.83572684135e-47
563.75 9.84219192282e-47
564 9.84870239268e-47
564.25 9.85525708759e-47
564.5 9.8618548844e-47
564.75 9.86849469866e-47
565 9.87517548321e-47
565.25 9.88189622676e-47
565.5 9.88865595259e-47
565.75 9.89545371727e-47
566 9.90228860942e-47
566.25 9.90915974858e-47
566.5 9.91606628404e-47
566.75 9.92300739375e-47
567 9.92998228335e-47
567.25 9.93699018507e-47
567.5 9.94403035685e-47
567.75 9.95110208137e-47
568 9.95820466519e-47
568.25 9.96533743786e-47
568.5 9.97249975114e-47
568.75 9.9796909782e-47
569 9.964919669e-47
569.25 9.97277747235e-47
569.5 9.98064464114e-47
569.75 9.98852117427e-47
570 9.99640707062e-47
570.25 1.0004302329e-46
570.5 1.00122069483e-46
570.75 1.00201209273e-46
571 1.00280442647e-46
571.25 1.00359769592e-46
571.5 1.00439190098e-46
571.75 1.00518704149e-46
572 1.00598311733e-46
572.25 1.00678012837e-46
572.5 1.00757807446e-46
572.75 1.00837695547e-46
573 1.00917677126e-46
573.25 1.00997752167e-46
573.5 1.01077920657e-46
573.75 1.01158182579e-46
574 1.0123853792e-46
574.25 1.01318986663e-46
574.5 1.01399528793e-46
574.75 1.01480164293e-46
575 1.01560893147e-46
575.25 1.01641715339e-46
575.5 1.01722630852e-46
575.75 1.01803639669e-46
576 1.01884741773e-46
576.25 1.01965937145e-46
576.5 1.02047225769e-46
576.75 1.02128607625e-46
577 1.02210082696e-46
577.25 1.02291650963e-46
577.5 1.02373312406e-46
577.75 1.02455067008e-46
578 1.02536914748e-46
578.25 1.02618855606e-46
578.5 1.02700889563e-46
578.75 1.02783016598e-46
579 1.02865236691e-46
579.25 1.0294754982e-46
579.5 1.03029955966e-46
579.75 1.03112455105e-46
580 1.03195047218e-46
580.25 1.03277732281e-46
580.5 1.03360510272e-46
580.75 1.0344338117e-46
581 1.03526344951e-46
581.25 1.03609401591e-46
581.5 1.03692588867e-46
581.75 1.03775833101e-46
582 1.03859170231e-46
582.25 1.03942600238e-46
582.5 1.04026123104e-46
582.75 1.04109738812e-46
583 1.04193447344e-46
583.25 1.04277248682e-46
583.5 1.0436114281e-46
583.75 1.0444512971e-46
584 1.04529209366e-46
584.25 1.04613381761e-46
584.5 1.0469764688e-46
584.75 1.04782004706e-46
585 1.04866455225e-46
585.25 1.04950998423e-46
585.5 1.05035634284e-46
585.75 1.05120362797e-46
586 1.05205183948e-46
586.25 1.05290097727e-46
586.5 1.05375104121e-46
586.75 1.05460203121e-46
587 1.05545394718e-46
587.25 1.05630678905e-46
587.5 1.05716055676e-46
587.75 1.05801525025e-46
588 1.05887086949e-46
588.25 1.05972741447e-46
588.5 1.06058488519e-46
588.75 1.06144328167e-46
589 1.06230260395e-46
589.25 1.06316285212e-46
589.5 1.06402402626e-46
589.75 1.0648861265e-46
590 1.065749153e-46
590.25 1.06661310596e-46
590.5 1.06747798561e-46
590.75 1.06834379222e-46
591 1.06921052611e-46
591.25 1.07007818766e-46
591.5 1.07094677729e-46
591.75 1.07181629549e-46
592 1.07268674282e-46
592.25 1.07355811991e-46
592.5 1.07443042746e-46
592.75 1.07530366627e-46
593 1.07617783724e-46
593.25 1.07705294137e-46
593.5 1.07792897979e-46
593.75 1.07880595373e-46
594 1.07968386461e-46
594.25 1.08056271397e-46
594.5 1.08144250355e-46
594.75 1.08232323526e-46
595 1.08320491126e-46
595.25 1.08408753392e-46
595.5 1.08497110589e-46
595.75 1.08585563011e-46
596 1.08674110987e-46
596.25 1.0876275488e-46
596.5 1.08851495096e-46
596.75 1.08940332086e-46
597 1.09029266353e-46
597.25 1.09118298459e-46
597.5 1.0920742903e-46
597.75 1.09296658767e-46
598 1.0938598845e-46
598.25 1.09475418958e-46
598.5 1.09564951273e-46
598.75 1.09654586497e-46
599 1.09744325873e-46
599.25 1.09834170797e-46
599.5 1.09924122846e-46
599.75 1.10014183802e-46
600 1.10104355684e-46
600.25 1.10194640781e-46
600.5 1.10285041699e-46
600.75 1.10375561408e-46
601 1.10466203302e-46
601.25 1.10556971273e-46
601.5 1.10647869791e-46
601.75 1.10738904009e-46
602 1.10830079887e-46
602.25 1.10921404339e-46
602.5 1.11012885417e-46
602.75 1.11104532533e-46
603 1.11196356732e-46
603.25 1.11288371037e-46
603.5 1.11380590868e-46
603.75 1.11472904426e-46
604 1.11565132849e-46
604.25 1.11657547974e-46
604.5 1.11750165091e-46
604.75 1.11843002637e-46
605 1.11936083013e-46
605.25 1.12029433645e-46
605.5 1.12123088397e-46
605.75 1.12217089475e-46
606 1.12311490013e-46
606.25 1.12406357654e-46
606.5 1.1250177957e-46
606.75 1.12597869645e-46
607 1.12694778927e-46
607.25 1.12792711194e-46
607.5 1.12891946693e-46
607.75 1.1299287935e-46
608 1.13096076975e-46
608.25 1.13202382222e-46
608.5 1.13313089248e-46
608.75 1.1343026857e-46
609 1.13557401411e-46
609.25 1.13700712846e-46
609.5 1.13872245211e-46
609.75 1.14097851004e-46
610 1.14441699848e-46
610.25 1.15101971813e-46
610.5 1.16969876382e-46
610.75 1.29683256987e-46
611 3.13394687897e-46
611.25 1.20649167869e-46
611.5 1.16265914178e-46
611.75 1.15345357332e-46
612 1.15055922185e-46
612.25 1.14965149965e-46
612.5 1.14956374522e-46
612.75 1.14987538765e-46
613 1.1504048143e-46
613.25 1.15106319518e-46
613.5 1.15180291299e-46
613.75 1.15259658033e-46
614 1.15342753949e-46
614.25 1.15428518708e-46
614.5 1.15516251359e-46
614.75 1.15605473504e-46
615 1.15695849598e-46
615.25 1.15787138661e-46
615.5 1.15879164012e-46
615.75 1.15971793723e-46
616 1.16064927679e-46
616.25 1.16158488789e-46
616.5 1.16252416913e-46
616.75 1.16346664575e-46
617 1.16441193891e-46
617.25 1.16535974329e-46
617.5 1.1663098106e-46
617.75 1.16726193723e-46
618 1.1682159549e-46
618.25 1.16917127468e-46
618.5 1.17012532208e-46
618.75 1.17108144271e-46
619 1.17203946948e-46
619.25 1.17299926164e-46
619.5 1.17396070003e-46
619.75 1.17492368327e-46
620 1.17588812474e-46
620.25 1.1768539501e-46
620.5 1.1778210953e-46
620.75 1.17878950494e-46
621 1.17975913092e-46
621.25 1.18072993134e-46
621.5 1.18170186956e-46
621.75 1.18267491344e-46
622 1.18364903472e-46
622.25 1.18462420843e-46
622.5 1.18560041249e-46
622.75 1.18657762728e-46
623 1.18755583534e-46
623.25 1.18853502106e-46
623.5 1.18951517049e-46
623.75 1.19049627109e-46
624 1.19147831157e-46
624.25 1.19246128174e-46
624.5 1.19344517237e-46
624.75 1.19442997509e-46
625 1.19541568229e-46
625.25 1.19640228702e-46
625.5 1.19738978292e-46
625.75 1.19837816415e-46
626 1.19936742536e-46
626.25 1.20035756159e-46
626.5 1.20134856827e-46
626.75 1.20234044117e-46
627 1.20333317634e-46
627.25 1.20432677011e-46
627.5 1.20532121904e-46
627.75 1.20631651991e-46
628 1.20731266971e-46
628.25 1.20830966557e-46
628.5 1.20930750481e-46
628.75 1.21030618488e-46
629 1.21130570335e-46
629.25 1.21230605792e-46
629.5 1.21330724639e-46
629.75 1.21430926665e-46
630 1.21531211668e-46
630.25 1.21631579454e-46
630.5 1.21732029836e-46
630.75 1.21832562633e-46
631 1.2193317767e-46
631.25 1.22033874777e-46
631.5 1.2213465379e-46
631.75 1.22235514547e-46
632 1.22336456892e-46
632.25 1.22437480673e-46
632.5 1.22538585738e-46
632.75 1.22639771942e-46
633 1.22741039139e-46
633.25 1.22842387188e-46
633.5 1.22943815949e-46
633.75 1.23045325284e-46
634 1.23146915058e-46
634.25 1.23248585135e-46
634.5 1.23350335383e-46
634.75 1.2345216567e-46
635 1.23554075866e-46
635.25 1.2365606584e-46
635.5 1.23758135465e-46
635.75 1.23860284612e-46
636 1.23962513154e-46
636.25 1.24064820965e-46
636.5 1.24167207919e-46
636.75 1.24269673889e-46
637 1.24372218751e-46
637.25 1.2447484238e-46
637.5 1.24577544651e-46
637.75 1.24680325441e-46
638 1.24783184623e-46
638.25 1.24886122076e-46
638.5 1.24989137673e-46
638.75 1.25092231292e-46
639 1.25195402808e-46
639.25 1.25298652096e-46
639.5 1.25401979034e-46
639.75 1.25505383495e-46
640 1.25608834629e-46
640.25 1.25712395343e-46
640.5 1.25816033122e-46
640.75 1.25919747845e-46
641 1.26023539393e-46
641.25 1.26127407644e-46
641.5 1.26231352476e-46
641.75 1.26335373766e-46
642 1.26439471392e-46
642.25 1.26543645229e-46
642.5 1.26647895155e-46
642.75 1.26752221044e-46
643 1.26856622772e-46
643.25 1.26961100212e-46
643.5 1.27065653238e-46
643.75 1.27170281724e-46
644 1.27274985543e-46
644.25 1.27379764566e-46
644.5 1.27484618664e-46
644.75 1.27589547711e-46
645 1.27694551574e-46
645.25 1.27799630125e-46
645.5 1.27904783233e-46
645.75 1.28010010767e-46
646 1.28115312595e-46
646.25 1.28220688585e-46
646.5 1.28326138603e-46
646.75 1.28431662517e-46
647 1.28537260193e-46
647.25 1.28642931495e-46
647.5 1.28748676289e-46
647.75 1.2885449444e-46
648 1.28960385811e-46
648.25 1.29066350265e-46
648.5 1.29172387665e-46
648.75 1.29278497873e-46
649 1.29384680751e-46
649.25 1.2949093616e-46
649.5 1.29597263959e-46
649.75 1.29703664009e-46
650 1.29810136169e-46
650.25 1.29916680298e-46
650.5 1.30023296253e-46
650.75 1.30129983893e-46
651 1.30236743075e-46
651.25 1.30343573654e-46
651.5 1.30450475486e-46
651.75 1.30557448427e-46
652 1.30664492331e-46
652.25 1.30771607053e-46
652.5 1.30878792446e-46
652.75 1.30986048362e-46
653 1.31093374655e-46
653.25 1.31200771175e-46
653.5 1.31308237774e-46
653.75 1.31415774303e-46
654 1.31523380611e-46
654.25 1.31631056548e-46
654.5 1.31738801963e-46
654.75 1.31846616704e-46
655 1.31954500618e-46
655.25 1.32062453553e-46
655.5 1.32170475355e-46
655.75 1.32278565869e-46
656 1.32386724941e-46
656.25 1.32494952416e-46
656.5 1.32603248138e-46
656.75 1.3271161195e-46
657 1.32820043695e-46
657.25 1.32928543215e-46
657.5 1.33037110353e-46
657.75 1.33145744948e-46
658 1.33254446841e-46
658.25 1.33363215873e-46
658.5 1.33472051882e-46
658.75 1.33580954708e-46
659 1.33689924187e-46
659.25 1.33798960158e-46
659.5 1.33908062458e-46
659.75 1.34017230922e-46
660 1.34126465386e-46
660.25 1.34235765686e-46
660.5 1.34345131655e-46
660.75 1.34454563127e-46
661 1.34564059936e-46
661.25 1.34673621914e-46
661.5 1.34783248893e-46
661.75 1.34892940704e-46
662 1.35002697178e-46
662.25 1.35112518145e-46
662.5 1.35222403434e-46
662.75 1.35332352875e-46
663 1.35442366294e-46
663.25 1.35552443521e-46
663.5 1.35662584383e-46
663.75 1.35772788704e-46
664 1.35883056311e-46
664.25 1.3599338703e-46
664.5 1.36103780684e-46
664.75 1.36214237098e-46
665 1.36324756094e-46
665.25 1.36435337495e-46
665.5 1.36545981124e-46
665.75 1.36656686801e-46
666 1.36767454347e-46
666.25 1.36878283583e-46
666.5 1.36989174327e-46
666.75 1.37100126399e-46
667 1.37211139616e-46
667.25 1.37322213797e-46
667.5 1.37433348757e-46
667.75 1.37544544314e-46
668 1.37655800283e-46
668.25 1.37767116478e-46
668.5 1.37878492715e-46
668.75 1.37989928807e-46
669 1.38101424566e-46
669.25 1.38212979806e-46
669.5 1.38324594338e-46
669.75 1.38436267973e-46
670 1.38548000522e-46
670.25 1.38659791794e-46
670.5 1.38771641599e-46
670.75 1.38883549745e-46
671 1.3899551604e-46
671.25 1.39107540291e-46
671.5 1.39219622306e-46
671.75 1.39331761889e-46
672 1.39443958846e-46
672.25 1.39556212983e-46
672.5 1.39668524101e-46
672.75 1.39780892006e-46
673 1.398933165e-46
673.25 1.40005797384e-46
673.5 1.40118334461e-46
673.75 1.4023092753e-46
674 1.40343576392e-46
674.25 1.40456280847e-46
674.5 1.40569040692e-46
674.75 1.40681855726e-46
675 1.40794725747e-46
675.25 1.40907650551e-46
675.5 1.41020629934e-46
675.75 1.41133663692e-46
676 1.41246751619e-46
676.25 1.4135989351e-46
676.5 1.41473089157e-46
676.75 1.41586338354e-46
677 1.41699640893e-46
677.25 1.41812996566e-46
677.5 1.41926405162e-46
677.75 1.42039866472e-46
678 1.42153380286e-46
678.25 1.42266946391e-46
678.5 1.42380564577e-46
678.75 1.42494234631e-46
679 1.42607956339e-46
679.25 1.42721729488e-46
679.5 1.42835553862e-46
679.75 1.42949429246e-46
680 1.43063355426e-46
680.25 1.43177332183e-46
680.5 1.432913593e-46
680.75 1.43405436561e-46
681 1.43519563745e-46
681.25 1.43633740633e-46
681.5 1.43747967006e-46
681.75 1.43862242643e-46
682 1.43976567322e-46
682.25 1.44090940821e-46
682.5 1.44205362918e-46
682.75 1.44319833389e-46
683 1.44434352009e-46
683.25 1.44548918555e-46
683.5 1.446635328e-46
683.75 1.44778194519e-46
684 1.44892903483e-46
684.25 1.45007659467e-46
684.5 1.45122462242e-46
684.75 1.45237311578e-46
685 1.45352207246e-46
685.25 1.45467149016e-46
685.5 1.45582136657e-46
685.75 1.45697169936e-46
686 1.45812248623e-46
686.25 1.45927372482e-46
686.5 1.46042541282e-46
686.75 1.46157754787e-46
687 1.46273012761e-46
687.25 1.4638831497e-46
687.5 1.46503661177e-46
687.75 1.46619051144e-46
688 1.46734484634e-46
688.25 1.46849961407e-46
688.5 1.46965481224e-46
688.75 1.47081043847e-46
689 1.47196649032e-46
689.25 1.4731229654e-46
689.5 1.47427986128e-46
689.75 1.47543717553e-46
690 1.47659490571e-46
690.25 1.47775304939e-46
690.5 1.47891160412e-46
690.75 1.48007056743e-46
691 1.48122993686e-46
691.25 1.48238970995e-46
691.5 1.48354988421e-46
691.75 1.48471045717e-46
692 1.48587142632e-46
692.25 1.48703278917e-46
692.5 1.48819454322e-46
692.75 1.48935668595e-46
693 1.49051921483e-46
693.25 1.49168212736e-46
693.5 1.49284542098e-46
693.75 1.49400909315e-46
694 1.49517314134e-46
694.25 1.49633756298e-46
694.5 1.49750235551e-46
694.75 1.49866751636e-46
695 1.49983304296e-46
695.25 1.50099893272e-46
695.5 1.50216518304e-46
695.75 1.50333179134e-46
696 1.504498755e-46
696.25 1.50566607141e-46
696.5 1.50683373795e-46
696.75 1.508001752e-46
697 1.50917011093e-46
697.25 1.51033881208e-46
697.5 1.51150785281e-46
697.75 1.51267723047e-46
698 1.5138469424e-46
698.25 1.51501698591e-46
698.5 1.51618735835e-46
698.75 1.51735805701e-46
699 1.51852907922e-46
699.25 1.51970042227e-46
699.5 1.52087208345e-46
699.75 1.52204406006e-46
700 1.52321634937e-46
700.25 1.52438894865e-46
700.5 1.52556185518e-46
700.75 1.5267350662e-46
701 1.52790857898e-46
701.25 1.52908239074e-46
701.5 1.53025649874e-46
701.75 1.53143090019e-46
702 1.53260559232e-46
702.25 1.53378057235e-46
702.5 1.53495583748e-46
702.75 1.53613138491e-46
703 1.53730721184e-46
703.25 1.53848331545e-46
703.5 1.53965969292e-46
703.75 1.54083634141e-46
704 1.54201325811e-46
704.25 1.54319044015e-46
704.5 1.54436788469e-46
704.75 1.54554558888e-46
705 1.54672354984e-46
705.25 1.54790176471e-46
705.5 1.54908023061e-46
705.75 1.55025894464e-46
706 1.55143790391e-46
706.25 1.55261710553e-46
706.5 1.55379654658e-46
706.75 1.55497622414e-46
707 1.5561561353e-46
707.25 1.55733627712e-46
707.5 1.55851664667e-46
707.75 1.55969724099e-46
708 1.56087805714e-46
708.25 1.56205909216e-46
708.5 1.56324034308e-46
708.75 1.56442180692e-46
709 1.5656034807e-46
709.25 1.56678536143e-46
709.5 1.56796744612e-46
709.75 1.56914973176e-46
710 1.57033221535e-46
710.25 1.57151489385e-46
710.5 1.57269776425e-46
710.75 1.57388082352e-46
711 1.57506406861e-46
711.25 1.57624749647e-46
711.5 1.57743110405e-46
711.75 1.57861488829e-46
712 1.57979884611e-46
712.25 1.58098297445e-46
712.5 1.5821672702e-46
712.75 1.5833517303e-46
713 1.58453635162e-46
713.25 1.58572113108e-46
713.5 1.58690606554e-46
713.75 1.5880911519e-46
714 1.58927638702e-46
714.25 1.59046176777e-46
714.5 1.591647291e-46
714.75 1.59283295356e-46
715 1.5940187523e-46
715.25 1.59520468405e-46
715.5 1.59639074564e-46
715.75 1.59757693388e-46
716 1.5987632456e-46
716.25 1.59994967758e-46
716.5 1.60113622664e-46
716.75 1.60232288956e-46
717 1.60350966313e-46
717.25 1.60469654412e-46
717.5 1.6058835293e-46
717.75 1.60707061543e-46
718 1.60825779926e-46
718.25 1.60944507755e-46
718.5 1.61063244703e-46
718.75 1.61181990442e-46
719 1.61300744647e-46
719.25 1.61419506987e-46
719.5 1.61538277135e-46
719.75 1.61657054761e-46
720 1.61775839533e-46
720.25 1.61894631122e-46
720.5 1.62013429194e-46
720.75 1.62132233416e-46
721 1.62251043457e-46
721.25 1.62369858981e-46
721.5 1.62488679653e-46
721.75 1.62607505139e-46
722 1.627263351e-46
722.25 1.62845169201e-46
722.5 1.62964007104e-46
722.75 1.63082848469e-46
723 1.63201692958e-46
723.25 1.6332054023e-46
723.5 1.63439389945e-46
723.75 1.63558241761e-46
724 1.63677095336e-46
724.25 1.63795950326e-46
724.5 1.63914806389e-46
724.75 1.6403366318e-46
725 1.64152520353e-46
725.25 1.64271377563e-46
725.5 1.64390234462e-46
725.75 1.64509090704e-46
726 1.64627945941e-46
726.25 1.64746799823e-46
726.5 1.64865652001e-46
726.75 1.64984502124e-46
727 1.65103349842e-46
727.25 1.65222194803e-46
727.5 1.65341036655e-46
727.75 1.65459875043e-46
728 1.65578709614e-46
728.25 1.65697540014e-46
728.5 1.65816365886e-46
728.75 1.65935186876e-46
729 1.66054002625e-46
729.25 1.66172812777e-46
729.5 1.66291616972e-46
729.75 1.66410414852e-46
730 1.66529206058e-46
730.25 1.66647990227e-46
730.5 1.66766767e-46
730.75 1.66885536015e-46
731 1.67004296907e-46
731.25 1.67123049315e-46
731.5 1.67241792874e-46
731.75 1.67360527219e-46
732 1.67479251984e-46
732.25 1.67597966804e-46
732.5 1.6771667131e-46
732.75 1.67835365136e-46
733 1.67954047913e-46
733.25 1.68072719271e-46
733.5 1.6819137884e-46
733.75 1.6831002625e-46
734 1.6842866113e-46
734.25 1.68547283107e-46
734.5 1.68665891809e-46
734.75 1.68784486862e-46
735 1.68903067891e-46
735.25 1.69021634522e-46
735.5 1.69140186379e-46
735.75 1.69258723085e-46
736 1.69377244264e-46
736.25 1.69495749537e-46
736.5 1.69614238526e-46
736.75 1.69732710851e-46
737 1.69851166133e-46
737.25 1.69969603991e-46
737.5 1.70088024043e-46
737.75 1.70206425908e-46
738 1.70324809201e-46
738.25 1.7044317354e-46
738.5 1.70561518541e-46
738.75 1.70679843818e-46
739 1.70798148986e-46
739.25 1.70916433657e-46
739.5 1.71034697446e-46
739.75 1.71152939964e-46
740 1.71271160822e-46
740.25 1.71389359632e-46
740.5 1.71507536003e-46
740.75 1.71625689544e-46
741 1.71743819865e-46
741.25 1.71861926573e-46
741.5 1.71980009274e-46
741.75 1.72098067577e-46
742 1.72216101086e-46
742.25 1.72334109407e-46
742.5 1.72452092144e-46
742.75 1.725700489e-46
743 1.72687979279e-46
743.25 1.72805882883e-46
743.5 1.72923759313e-46
743.75 1.7304160817e-46
744 1.73159429055e-46
744.25 1.73277221567e-46
744.5 1.73394985304e-46
744.75 1.73512719865e-46
745 1.73630424848e-46
745.25 1.73748099848e-46
745.5 1.73865744462e-46
745.75 1.73983358285e-46
746 1.74100940911e-46
746.25 1.74218491936e-46
746.5 1.74336010951e-46
746.75 1.74453497549e-46
747 1.74570951323e-46
747.25 1.74688371864e-46
747.5 1.74805758761e-46
747.75 1.74923111605e-46
748 1.75040429984e-46
748.25 1.75157713488e-46
748.5 1.75274961704e-46
748.75 1.75392174218e-46
749 1.75509350618e-46
749.25 1.7562649049e-46
749.5 1.75743593417e-46
749.75 1.75860658984e-46
750 1.75977686776e-46
750.25 1.76094676374e-46
750.5 1.76211627362e-46
750.75 1.76328539321e-46
751 1.76445411831e-46
751.25 1.76562244474e-46
751.5 1.76679036828e-46
751.75 1.76795788473e-46
752 1.76912498987e-46
752.25 1.77029167948e-46
752.5 1.77145794932e-46
752.75 1.77262379516e-46
753 1.77378921275e-46
753.25 1.77495419784e-46
753.5 1.77611874618e-46
753.75 1.77728285349e-46
754 1.77844651552e-46
754.25 1.77960972798e-46
754.5 1.78077248659e-46
754.75 1.78193478706e-46
755 1.78309662509e-46
755.25 1.78425799638e-46
755.5 1.78541889662e-46
755.75 1.78657932149e-46
756 1.78773926667e-46
756.25 1.78889872782e-46
756.5 1.79005770062e-46
756.75 1.79121618071e-46
757 1.79237416376e-46
757.25 1.7935316454e-46
757.5 1.79468862128e-46
757.75 1.79584508702e-46
758 1.79700103824e-46
758.25 1.79815647058e-46
758.5 1.79931137964e-46
758.75 1.80046576102e-46
759 1.80161961032e-46
759.25 1.80277292315e-46
759.5 1.80392569507e-46
759.75 1.80507792169e-46
760 1.80622959856e-46
760.25 1.80738072126e-46
760.5 1.80853128534e-46
760.75 1.80968128637e-46
761 1.81083071989e-46
761.25 1.81197958145e-46
761.5 1.81312786658e-46
761.75 1.8142755708e-46
762 1.81542268965e-46
762.25 1.81656921864e-46
762.5 1.81771515329e-46
762.75 1.81886048909e-46
763 1.82000522156e-46
763.25 1.82114934617e-46
763.5 1.82229285842e-46
763.75 1.82343575378e-46
764 1.82457802774e-46
764.25 1.82571967576e-46
764.5 1.8268606933e-46
764.75 1.82800107582e-46
765 1.82914081877e-46
765.25 1.83027991759e-46
765.5 1.83141836772e-46
765.75 1.83255616459e-46
766 1.83369330364e-46
766.25 1.83482978027e-46
766.5 1.83596558991e-46
766.75 1.83710072796e-46
767 1.83823518982e-46
767.25 1.8393689709e-46
767.5 1.84050206657e-46
767.75 1.84163447223e-46
768 1.84276618325e-46
768.25 1.84389719501e-46
768.5 1.84502750287e-46
768.75 1.8461571022e-46
769 1.84728598834e-46
769.25 1.84841415666e-46
769.5 1.84954160249e-46
769.75 1.85066832117e-46
770 1.85179430803e-46
770.25 1.8529195584e-46
770.5 1.85404406761e-46
770.75 1.85516783096e-46
771 1.85629084376e-46
771.25 1.85741310132e-46
771.5 1.85853459894e-46
771.75 1.85965533192e-46
772 1.86077529552e-46
772.25 1.86189448505e-46
772.5 1.86301289577e-46
772.75 1.86413052295e-46
773 1.86524736186e-46
773.25 1.86636340776e-46
773.5 1.8674786559e-46
773.75 1.86859310153e-46
774 1.86970673989e-46
774.25 1.87081956622e-46
774.5 1.87193157575e-46
774.75 1.87304276371e-46
775 1.87415312532e-46
775.25 1.87526265579e-46
775.5 1.87637135034e-46
775.75 1.87747920417e-46
776 1.87858621247e-46
776.25 1.87969237045e-46
776.5 1.88079767329e-46
776.75 1.88190211618e-46
777 1.8830056943e-46
777.25 1.88410840281e-46
777.5 1.88521023689e-46
777.75 1.8863111917e-46
778 1.88741126239e-46
778.25 1.88851044413e-46
778.5 1.88960873206e-46
778.75 1.89070612131e-46
779 1.89180260703e-46
779.25 1.89289818435e-46
779.5 1.8939928484e-46
779.75 1.8950865943e-46
780 1.89617941717e-46
780.25 1.89727131211e-46
780.5 1.89836227424e-46
780.75 1.89945229866e-46
781 1.90054138046e-46
781.25 1.90162951475e-46
781.5 1.9027166966e-46
781.75 1.9038029211e-46
782 1.90488818332e-46
782.25 1.90597247835e-46
782.5 1.90705580125e-46
782.75 1.90813814708e-46
783 1.9092195109e-46
783.25 1.91029988776e-46
783.5 1.91137927272e-46
783.75 1.91245766083e-46
784 1.91353504711e-46
784.25 1.9146114266e-46
784.5 1.91568679435e-46
784.75 1.91676114536e-46
785 1.91783447467e-46
785.25 1.9189067773e-46
785.5 1.91997804824e-46
785.75 1.92104828252e-46
786 1.92211747514e-46
786.25 1.92318562109e-46
786.5 1.92425271537e-46
786.75 1.92531875297e-46
787 1.92638372888e-46
787.25 1.92744763808e-46
787.5 1.92851047554e-46
787.75 1.92957223625e-46
788 1.93063291515e-46
788.25 1.93169250724e-46
788.5 1.93275100745e-46
788.75 1.93380841075e-46
789 1.93486471209e-46
789.25 1.93591990642e-46
789.5 1.93697398867e-46
789.75 1.9380269538e-46
790 1.93907879674e-46
790.25 1.9401295124e-46
790.5 1.94117909574e-46
790.75 1.94222754166e-46
791 1.94327484508e-46
791.25 1.94432100093e-46
791.5 1.94536600411e-46
791.75 1.94640984953e-46
792 1.94745253209e-46
792.25 1.94849404669e-46
792.5 1.94953438823e-46
792.75 1.9505735516e-46
793 1.95161153168e-46
793.25 1.95264832337e-46
793.5 1.95368392154e-46
793.75 1.95471832107e-46
794 1.95575151683e-46
794.25 1.95678350369e-46
794.5 1.95781427652e-46
794.75 1.95884383018e-46
795 1.95987215952e-46
795.25 1.96089925941e-46
795.5 1.96192512469e-46
795.75 1.96294975021e-46
796 1.96397313082e-46
796.25 1.96499526136e-46
796.5 1.96601613666e-46
796.75 1.96703575157e-46
797 1.9680541009e-46
797.25 1.96907117949e-46
797.5 1.97008698216e-46
797.75 1.97110150373e-46
798 1.97211473902e-46
798.25 1.97312668285e-46
798.5 1.97413733002e-46
798.75 1.97514667534e-46
799 1.97615471363e-46
799.25 1.97716143967e-46
799.5 1.97816684827e-46
799.75 1.97917093423e-46
800 1.98017369233e-46
800.25 1.98117511737e-46
800.5 1.98217520413e-46
800.75 1.98317394739e-46
801 1.98417134194e-46
801.25 1.98516738256e-46
801.5 1.98616206402e-46
801.75 1.98715538108e-46
802 1.98814732853e-46
802.25 1.98913790112e-46
802.5 1.99012709362e-46
802.75 1.99111490079e-46
803 1.9921013174e-46
803.25 1.99308633818e-46
803.5 1.99406995791e-46
803.75 1.99505217132e-46
804 1.99603297317e-46
804.25 1.9970123582e-46
804.5 1.99799032116e-46
804.75 1.99896685678e-46
805 1.9999419598e-46
805.25 2.00091562496e-46
805.5 2.00188784698e-46
805.75 2.00285862061e-46
806 2.00382794057e-46
806.25 2.00479580159e-46
806.5 2.00576219838e-46
806.75 2.00672712567e-46
807 2.00769057819e-46
807.25 2.00865255064e-46
807.5 2.00961303774e-46
807.75 2.01057203421e-46
808 2.01152953475e-46
808.25 2.01248553408e-46
808.5 2.0134400269e-46
808.75 2.01439300791e-46
809 2.01534447183e-46
809.25 2.01629441334e-46
809.5 2.01724282715e-46
809.75 2.01818970796e-46
810 2.01913505046e-46
810.25 2.02007884934e-46
810.5 2.0210210993e-46
810.75 2.02196179503e-46
811 2.02290093121e-46
811.25 2.02383850253e-46
811.5 2.02477450368e-46
811.75 2.02570892934e-46
812 2.02664177419e-46
812.25 2.02757303291e-46
812.5 2.02850270019e-46
812.75 2.02943077069e-46
813 2.0303572391e-46
813.25 2.03128210009e-46
813.5 2.03220534833e-46
813.75 2.0331269785e-46
814 2.03404698526e-46
814.25 2.03496536328e-46
814.5 2.03588210724e-46
814.75 2.0367972118e-46
815 2.03771067162e-46
815.25 2.03862248138e-46
815.5 2.03953263573e-46
815.75 2.04044112933e-46
816 2.04134795685e-46
816.25 2.04225311296e-46
816.5 2.0431565923e-46
816.75 2.04405838953e-46
817 2.04495849932e-46
817.25 2.04585691633e-46
817.5 2.0467536352e-46
817.75 2.04764865059e-46
818 2.04854195717e-46
818.25 2.04943354957e-46
818.5 2.05032342246e-46
818.75 2.05121157049e-46
819 2.05209798831e-46
819.25 2.05298267056e-46
819.5 2.05386561192e-46
819.75 2.05474680701e-46
820 2.0556262505e-46
820.25 2.05650393703e-46
820.5 2.05737986125e-46
820.75 2.05825401781e-46
821 2.05912640136e-46
821.25 2.05999700655e-46
821.5 2.06086582803e-46
821.75 2.06173286044e-46
822 2.06259809843e-46
822.25 2.06346153665e-46
822.5 2.06432316974e-46
822.75 2.06518299236e-46
823 2.06604099915e-46
823.25 2.06689718476e-46
823.5 2.06775154384e-46
823.75 2.06860407103e-46
824 2.06945476098e-46
824.25 2.07030360835e-46
824.5 2.07115060777e-46
824.75 2.0719957539e-46
825 2.07283904138e-46
825.25 2.07368046486e-46
825.5 2.074520019e-46
825.75 2.07535769845e-46
826 2.07619349785e-46
826.25 2.07702741185e-46
826.5 2.07785943511e-46
826.75 2.07868956227e-46
827 2.079517788e-46
827.25 2.08034410693e-46
827.5 2.08116851374e-46
827.75 2.08199100306e-46
828 2.08281156957e-46
828.25 2.0836302079e-46
828.5 2.08444691272e-46
828.75 2.08526167869e-46
829 2.08607450047e-46
829.25 2.0868853727e-46
829.5 2.08769429007e-46
829.75 2.08850124722e-46
830 2.08930623882e-46
830.25 2.09010925953e-46
830.5 2.09091030402e-46
830.75 2.09170936695e-46
831 2.09250644299e-46
831.25 2.09330152682e-46
831.5 2.09409461309e-46
831.75 2.09488569648e-46
832 2.09567477166e-46
832.25 2.09646183331e-46
832.5 2.0972468761e-46
832.75 2.09802989471e-46
833 2.09881088382e-46
833.25 2.0995898381e-46
833.5 2.10036675224e-46
833.75 2.10114162093e-46
834 2.10191443884e-46
834.25 2.10268520066e-46
834.5 2.10345390109e-46
834.75 2.10422053481e-46
835 2.10498509651e-46
835.25 2.10574758089e-46
835.5 2.10650798265e-46
835.75 2.10726629648e-46
836 2.10802251708e-46
836.25 2.10877663916e-46
836.5 2.10952865741e-46
836.75 2.11027856656e-46
837 2.11102636129e-46
837.25 2.11177203634e-46
837.5 2.1125155864e-46
837.75 2.11325700619e-46
838 2.11399629044e-46
838.25 2.11473343386e-46
838.5 2.11546843118e-46
838.75 2.11620127711e-46
839 2.1169319664e-46
839.25 2.11766049376e-46
839.5 2.11838685393e-46
839.75 2.11911104165e-46
840 2.11983305165e-46
840.25 2.12055287869e-46
840.5 2.12127051749e-46
840.75 2.12198596281e-46
841 2.12269920939e-46
841.25 2.123410252e-46
841.5 2.12411908538e-46
841.75 2.12482570429e-46
842 2.1255301035e-46
842.25 2.12623227776e-46
842.5 2.12693222186e-46
842.75 2.12762993055e-46
843 2.12832539861e-46
843.25 2.12901862082e-46
843.5 2.12970959197e-46
843.75 2.13039830682e-46
844 2.13108476018e-46
844.25 2.13176894683e-46
844.5 2.13245086157e-46
844.75 2.1331304992e-46
845 2.13380785451e-46
845.25 2.13448292231e-46
845.5 2.13515569741e-46
845.75 2.13582617463e-46
846 2.13649434878e-46
846.25 2.13716021467e-46
846.5 2.13782376714e-46
846.75 2.13848500101e-46
847 2.13914391111e-46
847.25 2.13980049228e-46
847.5 2.14045473936e-46
847.75 2.14110664719e-46
848 2.14175621062e-46
848.25 2.1424034245e-46
848.5 2.14304828368e-46
848.75 2.14369078304e-46
849 2.14433091743e-46
849.25 2.14496868172e-46
849.5 2.14560407079e-46
849.75 2.14623707951e-46
850 2.14686770276e-46
850.25 2.14749593543e-46
850.5 2.14812177242e-46
850.75 2.14874520862e-46
851 2.14936623893e-46
851.25 2.14998485825e-46
851.5 2.1506010615e-46
851.75 2.15121484359e-46
852 2.15182619944e-46
852.25 2.15243512397e-46
852.5 2.15304161211e-46
852.75 2.1536456588e-46
853 2.15424725898e-46
853.25 2.15484640759e-46
853.5 2.15544309958e-46
853.75 2.15603732991e-46
854 2.15662909353e-46
854.25 2.15721838542e-46
854.5 2.15780520053e-46
854.75 2.15838953385e-46
855 2.15897138036e-46
855.25 2.15955073504e-46
855.5 2.16012759289e-46
855.75 2.1607019489e-46
856 2.16127379807e-46
856.25 2.16184313543e-46
856.5 2.16240995597e-46
856.75 2.16297425472e-46
857 2.16353602671e-46
857.25 2.16409526696e-46
857.5 2.16465197052e-46
857.75 2.16520613243e-46
858 2.16575774773e-46
858.25 2.16630681148e-46
858.5 2.16685331875e-46
858.75 2.1673972646e-46
859 2.1679386441e-46
859.25 2.16847745233e-46
859.5 2.16901368439e-46
859.75 2.16954733535e-46
860 2.17007840032e-46
860.25 2.17060687441e-46
860.5 2.17113275273e-46
860.75 2.17165603038e-46
861 2.1721767025e-46
861.25 2.17269476422e-46
861.5 2.17321021068e-46
861.75 2.17372303701e-46
862 2.17423323838e-46
862.25 2.17474080992e-46
862.5 2.17524574682e-46
862.75 2.17574804424e-46
863 2.17624769736e-46
863.25 2.17674470136e-46
863.5 2.17723905144e-46
863.75 2.17773074279e-46
864 2.17821977062e-46
864.25 2.17870613014e-46
864.5 2.17918981657e-46
864.75 2.17967082515e-46
865 2.18014915109e-46
865.25 2.18062478966e-46
865.5 2.18109773608e-46
865.75 2.18156798563e-46
866 2.18203553356e-46
866.25 2.18250037515e-46
866.5 2.18296250568e-46
866.75 2.18342192042e-46
867 2.18387861468e-46
867.25 2.18433258376e-46
867.5 2.18478382297e-46
867.75 2.18523232762e-46
868 2.18567809305e-46
868.25 2.18612111457e-46
868.5 2.18656138754e-46
868.75 2.1869989073e-46
869 2.18743366922e-46
869.25 2.18786566864e-46
869.5 2.18829490096e-46
869.75 2.18872136155e-46
870 2.18914504579e-46
870.25 2.1895659491e-46
870.5 2.18998406687e-46
870.75 2.19039939451e-46
871 2.19081192746e-46
871.25 2.19122166113e-46
871.5 2.19162859098e-46
871.75 2.19203271246e-46
872 2.192434021e-46
872.25 2.1928325121e-46
872.5 2.19322818121e-46
872.75 2.19362102382e-46
873 2.19401103542e-46
873.25 2.19439821151e-46
873.5 2.19478254761e-46
873.75 2.19516403923e-46
874 2.1955426819e-46
874.25 2.19591847116e-46
874.5 2.19629140255e-46
874.75 2.19666147162e-46
875 2.19702867395e-46
875.25 2.19739300509e-46
875.5 2.19775446065e-46
875.75 2.1981130362e-46
876 2.19846872735e-46
876.25 2.19882152971e-46
876.5 2.1991714389e-46
876.75 2.19951845055e-46
877 2.1998625603e-46
877.25 2.20020376379e-46
877.5 2.20054205669e-46
877.75 2.20087743467e-46
878 2.20120989339e-46
878.25 2.20153942856e-46
878.5 2.20186603587e-46
878.75 2.20218971101e-46
879 2.20251044972e-46
879.25 2.20282824773e-46
879.5 2.20314310075e-46
879.75 2.20345500456e-46
880 2.20376395489e-46
880.25 2.20406994753e-46
880.5 2.20437297824e-46
880.75 2.20467304282e-46
881 2.20497013707e-46
881.25 2.20526425679e-46
881.5 2.20555539781e-46
881.75 2.20584355595e-46
882 2.20612872706e-46
882.25 2.20641090699e-46
882.5 2.20669009159e-46
882.75 2.20696627675e-46
883 2.20723945834e-46
883.25 2.20750963226e-46
883.5 2.20777679442e-46
883.75 2.20804094072e-46
884 2.20830206711e-46
884.25 2.2085601695e-46
884.5 2.20881524386e-46
884.75 2.20906728614e-46
885 2.20931629232e-46
885.25 2.20956225837e-46
885.5 2.20980518029e-46
885.75 2.21004505408e-46
886 2.21028187576e-46
886.25 2.21051564136e-46
886.5 2.21074634692e-46
886.75 2.21097398848e-46
887 2.21119856211e-46
887.25 2.21142006387e-46
887.5 2.21163848986e-46
887.75 2.21185383618e-46
888 2.21206609892e-46
888.25 2.21227527421e-46
888.5 2.21248135818e-46
888.75 2.21268434697e-46
889 2.21288423675e-46
889.25 2.21308102367e-46
889.5 2.21327470391e-46
889.75 2.21346527367e-46
890 2.21365272916e-46
890.25 2.21383706657e-46
890.5 2.21401828215e-46
890.75 2.21419637214e-46
891 2.21437133278e-46
891.25 2.21454316034e-46
891.5 2.21471185109e-46
891.75 2.21487740133e-46
892 2.21503980736e-46
892.25 2.21519906549e-46
892.5 2.21535517204e-46
892.75 2.21550812337e-46
893 2.21565791581e-46
893.25 2.21580454573e-46
893.5 2.21594800952e-46
893.75 2.21608830356e-46
894 2.21622542425e-46
894.25 2.21635936801e-46
894.5 2.21649013128e-46
894.75 2.21661771048e-46
895 2.21674210208e-46
895.25 2.21686330254e-46
895.5 2.21698130834e-46
895.75 2.21709611599e-46
896 2.21720772198e-46
896.25 2.21731612283e-46
896.5 2.21742131509e-46
896.75 2.2175232953e-46
897 2.21762206001e-46
897.25 2.21771760581e-46
897.5 2.21780992927e-46
897.75 2.21789902701e-46
898 2.21798489563e-46
898.25 2.21806753177e-46
898.5 2.21814693207e-46
898.75 2.21822309317e-46
899 2.21829601176e-46
899.25 2.21836568452e-46
899.5 2.21843210814e-46
899.75 2.21849527933e-46
900 2.21855519482e-46
900.25 2.21861185134e-46
900.5 2.21866524566e-46
900.75 2.21871537454e-46
901 2.21876223475e-46
901.25 2.21880582311e-46
901.5 2.2188461364e-46
901.75 2.21888317147e-46
902 2.21891692514e-46
902.25 2.21894739427e-46
902.5 2.21897457573e-46
902.75 2.2189984664e-46
903 2.21901906318e-46
903.25 2.21903636297e-46
903.5 2.2190503627e-46
903.75 2.21906105931e-46
904 2.21906844976e-46
904.25 2.21907253101e-46
904.5 2.21907330005e-46
904.75 2.21907075388e-46
905 2.21906488951e-46
905.25 2.21905570398e-46
905.5 2.21904319431e-46
905.75 2.21902735758e-46
906 2.21900819085e-46
906.25 2.21898569122e-46
906.5 2.21895985579e-46
906.75 2.21893068167e-46
907 2.21889816601e-46
907.25 2.21886230595e-46
907.5 2.21882309866e-46
907.75 2.21878054131e-46
908 2.21873463111e-46
908.25 2.21868536526e-46
908.5 2.21863274099e-46
908.75 2.21857675554e-46
909 2.21851740617e-46
909.25 2.21845469015e-46
909.5 2.21838860478e-46
909.75 2.21831914735e-46
910 2.21824631519e-46
910.25 2.21817010563e-46
910.5 2.21809051603e-46
910.75 2.21800754375e-46
911 2.21792118617e-46
911.25 2.2178314407e-46
911.5 2.21773830476e-46
911.75 2.21764177576e-46
912 2.21754185117e-46
912.25 2.21743852844e-46
912.5 2.21733180506e-46
912.75 2.21722167852e-46
913 2.21710814634e-46
913.25 2.21699120603e-46
913.5 2.21687085516e-46
913.75 2.21674709127e-46
914 2.21661991196e-46
914.25 2.2164893148e-46
914.5 2.21635529742e-46
914.75 2.21621785744e-46
915 2.21607699251e-46
915.25 2.21593270028e-46
915.5 2.21578497844e-46
915.75 2.21563382467e-46
916 2.21547923669e-46
916.25 2.21532121223e-46
916.5 2.21515974903e-46
916.75 2.21499484485e-46
917 2.21482649747e-46
917.25 2.21465470468e-46
917.5 2.21447946431e-46
917.75 2.21430077417e-46
918 2.21411863212e-46
918.25 2.21393303601e-46
918.5 2.21374398373e-46
918.75 2.21355147318e-46
919 2.21335550227e-46
919.25 2.21315606893e-46
919.5 2.21295317111e-46
919.75 2.21274680679e-46
920 2.21253697394e-46
920.25 2.21232367056e-46
920.5 2.21210689468e-46
920.75 2.21188664434e-46
921 2.21166291758e-46
921.25 2.21143571248e-46
921.5 2.21120502713e-46
921.75 2.21097085964e-46
922 2.21073320812e-46
922.25 2.21049207073e-46
922.5 2.21024744563e-46
922.75 2.20999933099e-46
923 2.20974772501e-46
923.25 2.2094926259e-46
923.5 2.2092340319e-46
923.75 2.20897194125e-46
924 2.20870635222e-46
924.25 2.20843726311e-46
924.5 2.20816467221e-46
924.75 2.20788857785e-46
925 2.20760897836e-46
925.25 2.20732587211e-46
925.5 2.20703925746e-46
925.75 2.20674913283e-46
926 2.20645549662e-46
926.25 2.20615834726e-46
926.5 2.2058576832e-46
926.75 2.20555350292e-46
927 2.20524580489e-46
927.25 2.20493458762e-46
927.5 2.20461984965e-46
927.75 2.2043015895e-46
928 2.20397980575e-46
928.25 2.20365449696e-46
928.5 2.20332566175e-46
928.75 2.20299329872e-46
929 2.20265740652e-46
929.25 2.20231798379e-46
929.5 2.20197502922e-46
929.75 2.20162854148e-46
930 2.20127851931e-46
930.25 2.20092496141e-46
930.5 2.20056786655e-46
930.75 2.20020723349e-46
931 2.19984306102e-46
931.25 2.19947534795e-46
931.5 2.19910409309e-46
931.75 2.1987292953e-46
932 2.19835095343e-46
932.25 2.19796906637e-46
932.5 2.19758363303e-46
932.75 2.19719465231e-46
933 2.19680212317e-46
933.25 2.19640604456e-46
933.5 2.19600641545e-46
933.75 2.19560323486e-46
934 2.19519650179e-46
934.25 2.19478621529e-46
934.5 2.19437237441e-46
934.75 2.19395497822e-46
935 2.19353402582e-46
935.25 2.19310951632e-46
935.5 2.19268144887e-46
935.75 2.19224982261e-46
936 2.19181463672e-46
936.25 2.1913758904e-46
936.5 2.19093358284e-46
936.75 2.1904877133e-46
937 2.19003828101e-46
937.25 2.18958528526e-46
937.5 2.18912872534e-46
937.75 2.18866860055e-46
938 2.18820491023e-46
938.25 2.18773765374e-46
938.5 2.18726683044e-46
938.75 2.18679243972e-46
939 2.186314481e-46
939.25 2.18583295372e-46
939.5 2.18534785731e-46
939.75 2.18485919126e-46
940 2.18436695505e-46
940.25 2.1838711482e-46
940.5 2.18337177024e-46
940.75 2.18286882073e-46
941 2.18236229923e-46
941.25 2.18185220534e-46
941.5 2.18133853868e-46
941.75 2.18082129887e-46
942 2.18030048557e-46
942.25 2.17977609846e-46
942.5 2.17924813722e-46
942.75 2.17871660159e-46
943 2.17818149128e-46
943.25 2.17764280606e-46
943.5 2.1771005457e-46
943.75 2.17655471001e-46
944 2.17600529879e-46
944.25 2.17545231189e-46
944.5 2.17489574917e-46
944.75 2.1743356105e-46
945 2.17377189578e-46
945.25 2.17320460494e-46
945.5 2.17263373792e-46
945.75 2.17205929468e-46
946 2.17148127519e-46
946.25 2.17089967948e-46
946.5 2.17031450755e-46
946.75 2.16972575946e-46
947 2.16913343527e-46
947.25 2.16853753507e-46
947.5 2.16793805897e-46
947.75 2.16733500709e-46
948 2.16672837958e-46
948.25 2.16611817662e-46
948.5 2.16550439839e-46
948.75 2.16488704512e-46
949 2.16426611702e-46
949.25 2.16364161436e-46
949.5 2.16301353741e-46
949.75 2.16238188647e-46
950 2.16174666186e-46
950.25 2.16110786391e-46
950.5 2.16046549299e-46
950.75 2.15981954947e-46
951 2.15917003376e-46
951.25 2.15851694628e-46
951.5 2.15786028748e-46
951.75 2.15720005782e-46
952 2.15653625778e-46
952.25 2.15586888789e-46
952.5 2.15519794866e-46
952.75 2.15452334122e-46
953 2.15384404861e-46
953.25 2.15315855905e-46
953.5 2.1524653579e-46
953.75 2.15176293253e-46
954 2.15104977243e-46
954.25 2.15032436922e-46
954.5 2.14958521679e-46
954.75 2.14883081134e-46
955 2.14805965153e-46
955.25 2.14727023855e-46
955.5 2.14646107628e-46
955.75 2.14563067138e-46
956 2.14477753347e-46
956.25 2.14390017529e-46
956.5 2.14299711281e-46
956.75 2.14206686548e-46
957 2.14110795635e-46
957.25 2.14011891229e-46
957.5 2.13909826422e-46
957.75 2.13804454727e-46
958 2.13695630105e-46
958.25 2.13583206988e-46
958.5 2.13467040301e-46
958.75 2.13346985489e-46
959 2.13222898545e-46
959.25 2.13094636032e-46
959.5 2.12962055119e-46
959.75 2.12825013605e-46
960 2.12683369947e-46
960.25 2.125369833e-46
960.5 2.12385713538e-46
960.75 2.12229421295e-46
961 2.12067967996e-46
961.25 2.11901215891e-46
961.5 2.11729028089e-46
961.75 2.115512686e-46
962 2.11367802364e-46
962.25 2.11178495295e-46
962.5 2.1098321432e-46
962.75 2.10781827412e-46
963 2.10574203637e-46
963.25 2.10360213192e-46
963.5 2.10139727446e-46
963.75 2.09912618983e-46
964 2.09678761648e-46
964.25 2.09438030583e-46
964.5 2.0919030228e-46
964.75 2.0893545462e-46
965 2.08673366921e-46
965.25 2.08403919982e-46
965.5 2.08126996131e-46
965.75 2.07842479272e-46
966 2.07550254932e-46
966.25 2.0725021031e-46
966.5 2.06942234321e-46
966.75 2.06626217651e-46
967 2.063020528e-46
967.25 2.05969634138e-46
967.5 2.05628857948e-46
967.75 2.05279622478e-46
968 2.04921827994e-46
968.25 2.04555376827e-46
968.5 2.04180173424e-46
968.75 2.037961244e-46
969 2.03403138587e-46
969.25 2.03001127085e-46
969.5 2.02590003313e-46
969.75 2.02169683061e-46
970 2.01740084536e-46
970.25 2.01301128418e-46
970.5 2.00852737907e-46
970.75 2.00394838774e-46
971 1.99927359409e-46
971.25 1.99450230875e-46
971.5 1.98963386952e-46
971.75 1.98466764189e-46
972 1.97960301951e-46
972.25 1.9744394247e-46
972.5 1.96917630886e-46
972.75 1.96381315301e-46
973 1.95834946822e-46
973.25 1.95278479605e-46
973.5 1.94711870904e-46
973.75 1.94135081112e-46
974 1.93548073806e-46
974.25 1.92950815789e-46
974.5 1.92343277134e-46
974.75 1.91725431219e-46
975 1.91097254774e-46
975.25 1.90458727916e-46
975.5 1.89809834187e-46
975.75 1.89150560591e-46
976 1.8848089763e-46
976.25 1.87800839338e-46
976.5 1.87110383314e-46
976.75 1.86409530753e-46
977 1.8569828648e-46
977.25 1.84976658973e-46
977.5 1.84244660395e-46
977.75 1.83502306621e-46
978 1.82749617259e-46
978.25 1.81986615673e-46
978.5 1.81213329009e-46
978.75 1.80429788211e-46
979 1.79636028039e-46
979.25 1.78832087088e-46
979.5 1.78018007798e-46
979.75 1.77193836473e-46
980 1.76359623286e-46
980.25 1.7551542229e-46
980.5 1.74661291429e-46
980.75 1.73797292535e-46
981 1.72923491339e-46
981.25 1.72039957467e-46
981.5 1.7114676444e-46
981.75 1.70243989675e-46
982 1.69331714472e-46
982.25 1.68410024014e-46
982.5 1.67479007353e-46
982.75 1.66538757401e-46
983 1.65589370913e-46
983.25 1.64630948473e-46
983.5 1.63663594475e-46
983.75 1.62687417104e-46
984 1.61702528308e-46
984.25 1.60709043777e-46
984.5 1.59707082917e-46
984.75 1.58696768811e-46
985 1.57678228198e-46
985.25 1.56651591431e-46
985.5 1.5561699244e-46
985.75 1.54574568698e-46
986 1.53524461172e-46
986.25 1.52466814284e-46
986.5 1.51401775864e-46
986.75 1.50329497097e-46
987 1.49250132478e-46
987.25 1.48163839753e-46
987.5 1.47070779867e-46
987.75 1.45971116904e-46
988 2.85241501637e-46
988.25 3.62762591351e-46
988.5 4.88041855989e-46
988.75 6.93175160471e-46
989 1.03467745314e-45
989.25 1.61505932273e-45
989.5 2.62712673157e-45
989.75 4.45025589707e-45
990 7.8750858452e-45
990.25 1.46782945436e-44
990.5 2.92838904004e-44
990.75 6.44590288739e-44
991 1.35643164912e-43
991.25 3.55188474989e-43
991.5 2.44800248318e-42
991.75 6.22821973899e-42
992 4.814789862e-43
992.25 1.62352831963e-43
992.5 7.83485359915e-44
992.75 3.45001930632e-44
993 1.69323675615e-44
993.25 8.93863984309e-45
993.5 4.98043912354e-45
993.75 2.89890900889e-45
994 1.75388373733e-45
994.25 1.10159658198e-45
994.5 7.19426395229e-46
994.75 4.90253911369e-46
995 1.12042293874e-46
995.25 1.10833436361e-46
995.5 1.09624205493e-46
995.75 1.08414823074e-46
996 1.17333228952e-46
996.25 1.24429484568e-46
996.5 1.39059732421e-46
996.75 1.6901282929e-46
997 2.31607528514e-46
997.25 3.68131379145e-46
997.5 6.86853017287e-46
997.75 1.51348965466e-45
998 4.06214530225e-45
998.25 1.10243014894e-44
998.5 6.31317981417e-44
998.75 3.88612667477e-43
999 1.94054443586e-44
999.25 6.20325894551e-45
999.5 2.22277450829e-45
999.75 9.2586233072e-46
1000 4.55165565848e-46
1000.25 2.60140250031e-46
1000.5 1.71783523938e-46
1000.75 1.28982798198e-46
1001 8.34582660791e-47
1001.25 8.24043253554e-47
1001.5 8.14146283386e-47
1001.75 8.05016267324e-47
1002 7.96773044168e-47
1002.25 7.89533139352e-47
1002.5 7.83411310857e-47
1002.75 7.78522277563e-47
1003 7.7498263905e-47
1003.25 7.72913004447e-47
1003.5 7.724403577e-47
1003.75 7.73700697742e-47
1004 7.76842005093e-47
1004.25 7.82027601624e-47
1004.5 7.89439988522e-47
1004.75 7.99285269566e-47
1005 8.11798293914e-47
1005.25 8.27248686079e-47
1005.5 8.45947972603e-47
1005.75 8.68258067555e-47
1006 8.94601445531e-47
1006.25 9.25473415708e-47
1006.5 9.61457019062e-47
1006.75 1.00324121059e-46
1007 1.05164316909e-46
1007.25 1.1076358116e-46
1007.5 1.17238189598e-46
1007.75 1.24727649663e-46
1008 1.33400016696e-46
1008.25 1.43457800347e-46
1008.5 1.55127179235e-46
1008.75 2.86849132333e-46
1009 3.24285657568e-46
1009.25 1.89638104345e-45
1009.5 3.24211180202e-45
1009.75 5.81407011273e-45
1010 1.09268331939e-44
1010.25 2.15872917813e-44
1010.5 4.52311500065e-44
1010.75 1.02351393083e-43
1011 2.59244393378e-43
1011.25 7.62960995907e-43
1011.5 2.32836219253e-42
1011.75 3.6492055837e-41
1012 9.46750010935e-42
1012.25 1.50937331637e-42
1012.5 5.43745661643e-43
1012.75 2.01553877937e-43
1013 9.71373950438e-44
1013.25 6.38367884263e-44
1013.5 5.91419614225e-44
1013.75 7.13416443003e-44
1014 9.98498629803e-44
1014.25 1.49150476626e-43
1014.5 2.4158060513e-43
1014.75 4.10704747748e-43
1015 7.4607693678e-43
1015.25 1.24059846828e-42
1015.5 2.3368732713e-42
1015.75 5.99104257701e-42
1016 3.89435552043e-41
1016.25 1.23441007817e-40
1016.5 8.75738176374e-42
1016.75 3.06401409421e-42
1017 1.73899556048e-42
1017.25 1.4627620911e-42
1017.5 2.15442439086e-42
1017.75 1.60239758786e-41
1018 1.35109215144e-41
1018.25 1.74798851491e-42
1018.5 7.47256509473e-43
1018.75 4.80723769921e-43
1019 3.92247376588e-43
1019.25 3.75361487492e-43
1019.5 3.99552175772e-43
1019.75 4.55371437702e-43
1020 5.41538123993e-43
1020.25 6.57879263453e-43
1020.5 8.11488175438e-43
1020.75 1.01902735427e-42
1021 1.28849650955e-42
1021.25 1.63628657491e-42
1021.5 2.08388492948e-42
1021.75 2.65917542247e-42
1022 3.39817024294e-42
1022.25 4.34726573921e-42
1022.5 5.56615230846e-42
1022.75 7.13154995029e-42
1023 9.14199012684e-42
1023.25 1.17239245016e-41
1023.5 1.50395152058e-41
1023.75 1.92965531148e-41
1024 1.92965531148e-41
